645.581	-0.906895
220.296	-1.33604
161.697	-1.70156
177.733	-1.55191
180.184	-1.52382
260.566	-1.3035
678.524	-1.22667
895.132	-1.11962
925.247	-1.0701
967.682	-1.00009
908.175	-1.17857
1058.18	-0.940977
814.442	-1.3767
787.111	-1.40126
783.7	-1.31462
713.747	-1.20705
930.012	-0.232823
636.612	-0.139635
521.473	0.198345
426.834	0.412646
431.743	0.587098
558.877	0.270488
521.672	0.0511076
513.802	-0.429117
427.102	-0.889878
322.184	-1.40519
303.644	-1.47671
246.947	-1.5056
230.296	-1.61996
218.627	-1.58364
230.933	-1.46572
230.742	-1.49466
200.876	-1.73784
234.012	-1.44272
304.345	-0.927271
439.434	-0.375565
420.284	0.314856
433.604	0.590724
397.406	0.805743
275.166	1.00673
354.289	1.08469
339.379	1.23725
368.853	1.1137
319.756	1.03502
348.554	1.33133
338.56	1.32419
267.54	1.10405
271.942	1.23869
201.848	1.1397
164.944	1.02928
139.833	0.0788864
88.8852	-0.216515
64.686	-0.203971
125.049	-0.233115
171.966	-0.0499998
190.615	0.00954002
200.478	-0.212117
306.822	0.126151
312.444	0.117043
373.77	-0.0824652
357.323	-0.614663
314.247	-1.37051
282.746	-1.72689
239.018	-1.90674
173.561	-1.8454
156.798	-2.1493
146.81	-2.01203
127.72	-1.86548
131.193	-1.8886
133.018	-1.94322
134.825	-1.9257
127.904	-1.93716
119.353	-1.71035
102.869	-0.651282
64.2151	-0.969296
41.2476	-1.38161
19.5825	-1.1383
16.3548	-1.08198
16.4411	-0.958582
19.1269	-0.883237
17.1277	-0.851689
16.8012	-0.825386
29.9325	-0.696101
260.187	-1.01156
298.385	-1.56601
567.515	-1.86821
585.562	-2.00574
552.544	-2.242
624.946	-2.19509
628.735	-2.22908
593.632	-2.21432
427.417	-2.22476
126.779	-1.62822
254.769	-0.826218
417.817	-1.48775
436.17	-2.32058
332.027	-2.33207
139.186	-2.19117
44.3107	-1.32142
29.5142	-1.72644
29.9484	-1.83769
31.8567	-1.63335
38.4851	-1.40123
28.4936	-1.8581
49.5964	-0.805403
39.7281	-1.03223
227.635	-0.735577
366.781	-0.693952
374.765	-0.677807
321.342	-0.624592
251.844	-0.839105
187.528	-0.815723
259.693	-0.29387
231.739	0.0160663
219.418	-0.0531787
256.013	0.372746
268.437	0.262781
335.787	0.0470717
352.7	0.125929
395.815	0.0587096
394.139	0.00126919
224.232	-0.246133
188.435	-0.619524
163.974	-0.608597
172.074	-0.517165
195.796	-0.240727
216.504	-0.0895589
266.349	0.500642
267.07	0.383717
255.58	0.399567
253.635	0.711115
259.563	0.362863
302.878	0.361616
329.723	0.121751
299.438	0.179205
207.06	-0.419823
165.778	-1.01847
117.629	-1.33027
110.66	-1.10334
87.3355	-1.46657
60.8586	-1.03823
89.3171	-0.609774
159.895	-0.434284
183.582	-0.367767
184.173	-0.436754
179.288	-0.316419
156.397	-0.622811
132.573	-0.601371
113.515	-0.732892
82.0903	-1.03453
78.6459	-0.995416
43.5287	-1.55304
40.089	-1.64688
44.641	-1.85747
28.3597	-1.50553
38.408	-1.57271
36.0087	-1.61439
37.591	-1.48225
35.7812	-1.4735
37.3541	-1.60049
35.7039	-1.22461
28.5233	-1.40368
22.7002	-1.13229
19.6787	-0.967309
18.8288	-0.721422
17.7353	-0.865941
18.8481	-0.895618
19.3309	-0.847754
16.1756	-0.755183
17.6283	-0.831602
14.7683	-0.709581
17.4725	-0.911688
13.1413	-0.717587
12.1625	-0.729384
14.7642	-0.889021
12.7573	-0.605394
17.1496	-0.648164
14.6929	-0.809013
13.6049	-0.775982
13.4074	-0.79211
13.5727	-0.743855
16.1343	-0.639817
14.2196	-0.486026
14.0258	-0.570899
14.6658	-0.735066
17.5399	-0.733101
43.4816	-0.509433
72.6895	0.10047
99.7404	0.0318184
114.953	0.0813655
119.256	0.295416
135.528	0.563146
158.625	0.371039
160.799	0.511972
221.322	0.303951
256.36	0.257168
204.334	-0.239355
137.922	-0.467068
225.114	-2.07525
516.309	-2.05406
616.748	-2.11536
549.331	-2.15059
557.242	-2.28131
575.901	-2.36444
655.937	-1.73958
82.2971	-1.45991
25.7204	-1.86146
26.5427	-1.75978
20.8089	-1.46583
20.2707	-1.25537
19.5928	-1.28198
18.7412	-1.42975
112.191	-0.454585
163.912	-0.383887
21.8259	-0.998191
17.91	-1.00128
16.3917	-1.11874
13.7506	-0.93516
12.7011	-0.940884
195.141	0.197838
630.021	0.0758984
309.206	-0.11985
121.79	-0.22757
156.107	-0.993092
448.515	-1.04732
587.954	-0.973725
624.171	-1.36012
579.878	-1.50552
464.726	-1.79061
427.439	-1.85741
254.584	-1.90723
92.7927	-1.8683
33.4177	-1.64772
92.7289	-0.483815
183.383	-0.382788
163.299	-0.439032
182.641	-0.500969
217.652	-0.758786
182.46	-1.37358
227.673	-1.21486
164.577	-1.35219
152.016	-1.27562
175.747	-1.41855
216.323	-1.84946
241.512	-2.16786
231.858	-2.12578
244.721	-2.03816
296.912	-1.86493
269.413	-1.9743
316.648	-1.13219
290.615	-0.487484
254.411	-0.319433
237.268	-0.0780971
201.851	-0.202303
174.205	-0.0789894
146.585	-0.116139
150.276	-0.110665
125.874	-0.153507
131.304	-0.755611
113.758	-1.47781
117.477	-1.53255
161.198	-1.38692
109.511	-1.25794
139.69	-0.52809
222.906	-0.524503
138.053	-1.05414
118.415	-1.06534
121.953	-0.311182
92.1159	-0.612374
105.04	-0.995228
81.0353	-1.20054
46.2976	-1.33148
36.0565	-1.2555
33.7622	-1.08922
42.6454	-1.02114
36.2383	-0.893911
29.1508	-0.886748
31.0771	-0.839764
27.3921	-0.794553
25.7933	-0.872418
24.5659	-0.921514
27.5746	-0.777019
28.2015	-0.982838
26.3868	-0.86579
27.082	-0.830377
25.0898	-0.842315
20.6205	-0.87105
17.577	-0.640239
15.6554	-0.621977
12.7161	-0.736862
12.8193	-0.706321
14.2339	-0.621464
12.6266	-0.80266
14.2575	-0.608701
13.3436	-0.842196
12.9156	-0.92074
14.3774	-0.67241
13.7328	-0.749318
13.1431	-0.839151
13.0798	-0.689855
14.1048	-0.696612
13.2664	-0.676615
14.4897	-0.686325
12.7183	-0.531539
14.1984	-0.759731
113.233	-0.0346686
141.247	-0.746842
106.238	-1.49907
82.2045	-1.77494
88.4168	-1.90535
85.6149	-1.73878
109.307	-1.67215
138.807	-1.54483
123.967	-1.21875
43.6394	-1.14855
22.7182	-1.433
22.5938	-1.11739
27.5855	-0.177742
408.501	0.814595
514.858	0.790222
384.272	1.73469
465.667	1.54296
490.417	1.45458
483.863	1.46251
626.629	1.33343
724.379	1.244
679.026	1.07868
616.719	0.602552
539.432	-0.477876
473.542	-1.25015
467.604	-1.43558
577.384	-1.43334
585.634	-1.45532
504.879	-1.69646
529.136	-1.69302
286.963	-1.85309
215.917	-2.0997
446.475	-1.94925
510.098	-2.22202
554.063	-2.2436
597.218	-1.91601
604.096	-1.87121
469.812	-2.03442
316.58	-1.93236
108.847	-1.93737
112.193	-1.83728
122.438	-1.81009
113.118	-1.73942
107.512	-1.68721
97.0233	-1.85367
88.1533	-1.9503
99.9168	-1.94067
85.4954	-1.99037
72.575	-2.0864
76.8065	-2.07461
71.4135	-2.01712
65.2672	-1.89176
55.4487	-1.95033
36.8716	-1.95684
37.3254	-1.74455
135.444	-1.46755
295.278	-0.800016
299.774	-0.519832
247.121	-1.07273
206.017	-1.14046
151.877	-1.25185
54.4586	-1.54786
76.6869	-1.39182
108.323	-1.28711
114.473	-1.37217
320.631	-1.05954
331.846	-1.41847
361.696	-1.57048
395.95	-1.44855
415.435	-1.5552
492.788	-1.3491
474.144	-1.35424
297.881	-1.72865
216.776	-1.72166
122.113	-1.85788
111.708	-1.99993
110.055	-1.99161
126.253	-1.90761
129.396	-1.96179
158.645	-1.85015
220.201	-1.32598
440.468	-0.566558
473.791	-0.374466
411.449	-0.538453
330.526	-0.781606
252.582	-0.865435
281.798	-0.561829
321.891	-0.289058
257.407	0.0415047
261.796	0.192484
242.719	-0.258688
257.852	-0.187862
226.394	-0.474112
277.974	-0.27344
240.643	-0.746702
161.852	-0.999908
130.173	-1.76966
259.909	-2.12925
339.85	-2.21081
331.784	-2.3503
364.278	-2.29001
337.712	-2.04618
355.401	-1.84209
422.271	-1.80918
390.64	-1.75592
370.255	-1.64835
363.45	-1.10386
272.937	-0.822936
67.4108	-0.880705
23.3589	-1.4549
21.5361	-1.48267
20.3478	-1.30474
18.5355	-1.20031
102.356	-0.136322
769.195	-0.312395
269.047	-0.541734
250.966	-1.16046
393.37	-1.4192
363.399	-1.82963
427.198	-1.63446
426.493	-1.73016
514.517	-1.60835
345.06	-1.54168
394.806	-1.52539
263.491	-1.92958
122.917	-1.78015
24.4637	-1.65827
24.0675	-1.36592
20.6461	-1.14723
19.472	-1.06462
18.2711	-1.26556
17.2885	-1.20095
15.9803	-0.942475
14.6068	-1.06479
17.2271	-0.985131
14.8213	-0.985273
16.0053	-0.953846
73.4606	-0.823173
171.69	-0.99478
71.2498	-1.63898
31.2696	-1.40154
16.8636	-0.872671
34.5086	-1.07238
25.371	-1.09295
15.0882	-0.903152
13.2314	-0.675054
13.7236	-0.683437
12.9058	-0.83357
14.1354	-0.828673
14.3078	-0.860797
15.253	-0.746585
13.7937	-0.882403
14.0001	-0.605504
13.2776	-0.788977
14.3001	-0.801832
11.5017	-0.634041
13.8668	-0.717398
12.091	-0.783816
11.5876	-0.928737
13.8601	-0.581792
11.9375	-0.602011
12.3375	-0.836334
11.7494	-0.706578
12.1203	-0.567827
14.7898	-0.623737
20.66	-0.613949
17.2762	-1.01471
25.8047	-1.24598
29.2027	-1.58071
31.5487	-1.60047
30.4829	-1.60597
31.1783	-1.93904
39.2138	-2.21024
59.3989	-2.3932
105.999	-2.25939
152.064	-2.30459
157.457	-2.29573
198.712	-1.89088
174.11	-2.04845
137.095	-1.9574
128.117	-1.46415
91.9782	-1.64402
75.5464	-1.33602
38.4513	-1.52638
22.6069	-1.22205
18.8418	-1.09073
17.354	-0.848739
13.4533	-0.601058
17.0829	-0.49545
56.3502	-0.569327
556.151	-0.810542
449.096	-1.16539
267.414	-0.973885
323.673	-1.53949
526.097	-1.95338
555.037	-2.08001
603.389	-1.90317
366.919	-2.05702
137.331	-2.21206
99.7486	-2.11227
101.635	-2.02833
113.218	-2.14111
106.202	-2.03983
85.1994	-1.90515
67.1035	-1.91075
57.7939	-1.88121
45.2427	-1.75806
40.7026	-2.01049
70.345	-1.51323
231.795	-0.846587
256.101	-0.740272
275.691	-0.676377
250.531	-0.775623
306.198	-0.310827
320.301	0.0105037
342.368	0.371053
277.774	0.568596
265.828	0.590268
297.527	0.696878
296.853	0.979661
356.637	0.7353
434.852	0.88453
377.144	0.988558
244.63	0.646898
172.435	0.311369
204.975	-0.341354
216.005	-0.439235
173.659	-0.625453
179.628	-0.316325
174.954	-0.247221
170.784	-0.0967163
145.083	-0.160611
137.281	-0.0904532
159.284	0.0182615
148.862	-0.293068
187.163	-0.161225
217.445	-0.0921259
288.816	0.0351671
384.23	0.154271
389.318	-0.432074
475.267	-0.639457
542.146	-0.589775
672.49	-0.693348
673.752	-1.04312
661.465	-1.35559
598.455	-1.55628
564.145	-1.63721
429.321	-1.88228
353.689	-1.86314
233.084	-2.09756
209.848	-2.08729
230.069	-1.76984
216.793	-1.10499
210.911	-0.664989
161.149	-0.214875
197.317	-0.0143803
142.366	0.189965
169.746	0.355724
163.876	0.258055
156.487	-5.87162e-05
166.701	-0.170852
176.699	-0.0697755
171.462	-0.276413
193.619	-0.526596
145.972	-1.04121
44.5205	-1.48438
40.0022	-1.73399
132.055	-1.33134
172.425	-1.28938
173.065	-1.29541
207.743	-0.916021
229.598	-0.711745
249.739	-0.599932
276.591	-0.674685
278.64	-0.764866
179.027	-1.02176
56.8634	-1.12496
26.6015	-1.3278
21.3859	-1.31652
18.0007	-1.27327
17.5307	-1.22894
17.0387	-1.21104
16.0241	-1.03677
15.9629	-0.98656
15.2262	-1.0456
15.217	-1.00946
26.3581	-1.0148
55.7499	-1.23866
18.9214	-0.816122
19.5689	-1.15191
77.3734	-0.620718
276.434	-0.757589
129.072	-1.39718
129.054	-1.47243
115.699	-1.58295
72.6678	-1.97821
60.3901	-1.7582
43.4223	-1.78768
43.0279	-1.72738
38.2146	-1.71495
34.747	-1.65601
31.6036	-1.71661
29.5339	-1.36248
30.0249	-1.46099
33.9052	-1.48053
31.1873	-1.68533
26.8273	-1.04024
97.9096	-0.567195
104.09	-1.71106
108.742	-2.1789
203.839	-1.77929
87.6628	-1.68102
199.155	-1.23043
193.044	-1.357
157.276	-1.30323
215.806	-0.725503
242.246	-0.258608
299.077	0.208876
284.485	0.788277
228.888	0.959245
270.385	1.19267
305.791	1.19394
302.251	1.05133
330.404	0.885884
358.569	0.395717
191.845	-0.48765
211.847	-1.50111
277.989	-1.42259
302.436	-1.58832
346.02	-1.47856
355.301	-1.64978
375.199	-1.65326
296.653	-1.65243
318.079	-0.95652
323.606	-0.424446
233.406	0.0182141
219.219	0.522416
173.473	0.607194
162.227	0.783428
179.207	1.21814
167.224	0.862682
49.2861	-0.629655
37.1957	-0.930015
40.4525	-1.4516
58.2363	-1.37954
60.3518	-1.07007
56.3965	-1.60667
54.2354	-1.5682
53.8709	-1.66303
65.183	-1.65677
67.3508	-1.72668
63.1514	-1.74103
71.631	-1.69573
168.963	-1.68793
284.898	-1.41354
247.581	-1.5399
237.748	-1.45686
239.716	-1.37749
240.197	-0.91161
235.958	-0.352072
254.246	0.0879768
222.153	-0.0896508
198.104	-0.164804
174.487	-0.748087
146.473	-1.60227
97.5758	-2.17445
112.476	-2.14575
107.218	-2.02031
93.7211	-2.02933
82.7738	-2.16601
80.413	-2.2293
98.4381	-2.08586
125.097	-2.07422
216.597	-1.76307
248.229	-1.49314
311.471	-1.21319
304.431	-1.11579
213.97	-1.42935
179.33	-1.34489
101.722	-1.63924
64.1526	-1.75829
60.9414	-1.71999
62.7102	-1.78474
70.6895	-1.72412
57.8808	-1.89596
69.6681	-1.38137
91.5605	-1.16182
85.9799	-0.670529
138.361	0.204986
198.352	0.417118
216.272	0.344979
191.867	0.16453
163.717	0.0798016
131.367	0.0639449
55.7237	-0.538657
169.412	-1.23705
220.696	-1.22876
81.2022	-1.50124
87.2544	-1.47876
110.549	-1.16939
164.47	-0.99089
134.72	-0.676948
134.72	-1.14303
201.786	-1.50359
310.132	-1.0775
305.539	-1.18762
291.267	-1.45538
296.935	-1.5498
269.599	-1.6144
207.527	-1.91402
220.167	-2.04059
193.542	-1.93204
137.385	-2.05562
109.402	-1.59497
58.2357	-1.017
91.4086	-0.925059
80.9392	-1.21299
75.5573	-1.76976
66.3937	-1.26178
54.3428	-0.720003
32.8887	-0.484036
15.6527	-0.810793
12.8318	-0.751779
15.5794	-0.787976
15.5973	-0.948125
25.4492	-0.8162
19.0817	-0.776895
14.1475	-0.621455
12.4075	-0.610019
15.1015	-0.585631
23.889	-0.306922
119.242	0.13665
86.0492	-0.242102
33.179	-0.214076
27.2634	-3.57883e-05
26.8255	-0.225152
19.3131	-0.500419
16.8294	-0.626358
19.928	-0.891317
13.4061	-0.890049
14.1096	-0.740724
13.5192	-0.756719
13.0076	-0.7112
15.0683	-0.688913
14.2734	-0.625923
19.3058	-0.649437
18.1914	-0.661953
17.8841	-0.631852
22.3258	-0.604655
21.3543	-0.618334
24.5748	-0.790956
23.763	-0.668532
24.9453	-0.702397
22.939	-0.720539
21.8301	-0.644609
25.9111	-0.726183
27.3923	-0.740486
25.1752	-0.644191
28.9039	-0.881445
25.1732	-0.831115
22.8318	-1.00831
28.0535	-0.889293
23.1257	-0.878972
22.893	-0.947374
24.2646	-0.917003
21.4404	-0.871258
23.5102	-0.76618
20.6217	-0.902335
17.7333	-0.858593
16.7341	-0.507683
15.5597	-0.665086
12.0633	-0.837295
12.9806	-0.69775
12.9984	-0.616147
12.7769	-0.757049
7.04867	-0.710716
10.0451	-0.55686
10.0152	-0.51026
10.0702	-0.582309
9.99568	-0.611701
10.2562	-0.651091
14.4513	-1.05742
12.4814	-0.906228
11.1036	-0.578914
12.9817	-0.809638
13.7219	-0.815341
21.3601	-1.3327
39.5298	-1.52596
45.2878	-1.60777
52.019	-1.67195
59.0082	-1.66131
56.2596	-1.86474
55.7902	-1.95532
56.6139	-2.13333
145.688	-2.35332
205.823	-2.37992
224.998	-2.09146
280.596	-1.81009
354.911	-1.76954
443.813	-1.44991
528.927	-1.18712
645.083	-0.769609
599.889	-0.676772
555.261	-0.438962
533.497	-0.357806
550.114	-0.456095
659.823	-0.665739
851.848	-1.0048
1143.99	-1.06357
1250.06	-1.1863
1381.11	-1.18118
1405.99	-1.24509
1221.26	-1.34179
1021.05	-1.49196
617.629	-1.51582
230.643	-1.35355
84.8831	-1.67301
40.166	-1.71444
35.5231	-1.57189
49.2264	-1.24508
84.727	-1.11554
132.001	-1.20074
263.183	-1.69815
455.574	-1.65199
615.093	-1.64428
786.25	-1.63293
788.538	-1.87395
871.014	-1.74172
838.369	-1.76322
874.243	-1.86846
708.666	-1.92643
388.131	-2.06084
429.841	-0.845467
309.019	-0.0825932
263.285	0.402961
285.311	0.448727
291.291	0.386169
251.515	-0.203561
209.36	-0.829744
236.159	-1.16679
224.105	-1.21834
226.596	-1.24813
217.465	-1.21331
183.208	-1.18695
190.253	-0.885382
199.606	-0.338795
193.301	0.24692
226.381	0.678278
270.117	0.87522
271.284	0.975832
297.228	0.79415
124.439	0.0816199
21.6223	-0.521585
14.2295	-0.378099
14.4769	-0.255468
13.5637	-0.424945
14.1784	-0.463803
57.6614	-0.192073
163.631	-0.685
143.457	-0.594049
179.058	-0.684919
177.642	-0.866939
191.574	-1.7906
230.376	-1.87773
166.895	-1.22167
307.202	-1.43655
291.018	-1.58845
350.851	-1.75642
347.083	-1.89014
286.499	-2.00457
283.385	-1.98634
254.507	-2.043
251.094	-1.93323
219.835	-2.21218
176.968	-2.36287
57.9957	-1.71811
46.4634	-1.71482
45.1388	-1.75337
56.4441	-1.4177
142.02	-0.902767
156.532	-0.798515
147.083	-0.737262
115.24	-0.781108
97.7027	-0.559716
51.4141	-0.725801
29.9794	-0.918933
21.0831	-1.31673
17.8662	-1.27125
11.3554	-1.03547
10.747	-0.765448
10.7827	-0.715972
12.5753	-0.762712
12.1482	-0.831758
68.053	-0.4897
122.218	-0.815779
95.6632	-0.0502389
147.139	0.474086
166.729	0.558274
164.363	0.386525
168.816	0.594169
152.975	0.379698
144.044	0.255881
139.5	0.184184
132.44	0.252851
120.679	0.23718
108.868	0.334071
134.782	0.0566556
105.902	0.0570084
99.7645	-0.0487274
85.7555	-0.317892
85.2529	-0.212712
62.0727	-0.421787
52.7411	-0.63535
43.9564	-0.676464
38.5846	-0.541776
39.0651	-0.803756
32.9004	-0.675705
30.3909	-0.61707
24.7067	-0.559493
21.1973	-0.731311
12.3546	-0.808998
17.4184	-0.882509
16.4778	-0.772284
16.4106	-0.748734
14.1905	-0.654345
15.9443	-0.861317
15.2012	-0.482931
14.4473	-0.697301
13.8732	-0.65145
15.3386	-0.646883
15.5005	-0.737231
23.3111	-0.135246
32.1223	0.0536596
80.7433	-0.094046
113.514	-0.370973
138.616	-0.179582
167.816	-0.191958
159.981	-0.206175
195.395	-0.103677
169.233	-0.688793
169.201	-0.794675
142.677	-0.965235
159.259	-1.75855
114	-1.89075
85.4578	-1.81495
80.5765	-1.80057
76.8343	-1.88824
74.0764	-1.74455
72.4491	-1.39851
56.1382	-1.57871
49.5108	-1.64257
35.3444	-1.3423
17.8744	-1.05271
66.4086	-1.01025
72.5966	-1.53792
53.3773	-1.46756
44.2386	-0.929096
45.4839	-1.12726
43.878	-1.14179
52.567	-1.06543
52.5675	-1.00592
132.938	-1.17243
171.158	-1.68704
187.391	-2.06476
197.774	-2.097
70.4211	-1.84945
227.58	-1.78098
210.29	-2.04233
86.0907	-1.79889
32.8567	-1.77244
26.0646	-1.6197
23.7547	-1.32905
19.6992	-1.31741
18.2165	-1.17188
17.1949	-1.06423
17.7498	-0.974919
17.8019	-0.86296
188.262	-0.913844
594.632	-0.530056
258.673	-0.820206
116.76	-1.35338
87.8053	-1.79312
183.631	-1.7756
237.25	-1.74884
256.655	-1.92989
354.708	-1.8432
394.695	-1.86854
391.517	-2.10829
229.01	-2.30401
285.544	-2.39065
469.853	-2.29629
631.92	-2.1365
592.586	-1.95574
649.134	-2.01369
661.945	-2.02994
569.124	-1.98265
392.213	-1.8867
250.19	-1.77744
248.407	-1.48214
281.764	-1.22007
410.062	-0.660449
434.822	-0.478537
488.9	-0.341887
442.562	-0.388048
610.592	-0.558901
383.405	-0.779713
226.947	-1.16915
132.49	-1.61176
102.038	-1.94471
98.9808	-2.02726
144.698	-1.7655
179.594	-1.77126
238.532	-1.87249
446.839	-1.1661
524.085	-1.20276
547.392	-1.36442
569.203	-1.37421
496.1	-1.51328
473.749	-0.997408
146.974	-0.5064
349.287	-0.100277
510.323	-0.0246845
393.698	0.284675
254.253	0.687302
246.631	1.23511
291.549	1.53008
384.675	1.32426
436.865	1.20974
544.989	0.607088
405.487	0.0756507
312.048	-0.31384
277.287	-0.714507
213.53	-1.41796
228.97	-1.42637
240.862	-1.41066
267.156	-1.27802
272.792	-1.27084
389.612	-0.830826
435.133	-0.411366
496.655	0.308729
273.415	0.805495
322.719	0.00993246
353.168	-0.240648
298.673	-0.451955
244.387	-1.09899
262.108	-1.47942
248.274	-1.56297
278.7	-1.4138
371.942	-1.02524
393.172	-0.94395
493.004	-0.79691
580.519	-0.874602
665.394	-1.29626
704.092	-1.56558
719.841	-1.87233
862.722	-1.76889
946.145	-1.73847
924.431	-1.65654
609.433	-1.72204
230.931	-1.94185
85.7696	-1.34735
33.6786	-1.43481
25.8789	-1.33615
23.975	-1.24378
25.4668	-1.19753
63.1695	-0.627596
244.543	-0.660457
311.891	-0.21876
293.02	0.312842
301.722	0.504848
269.263	0.744234
340.585	0.689008
308.231	0.463528
325.215	0.475671
271.846	0.981402
264.938	0.894318
200.882	0.882475
152.508	0.519913
101.005	0.204297
67.0577	-0.636839
44.2505	-1.61613
90.0839	-1.79749
89.1426	-1.80554
138.92	-1.91215
216.914	-2.10688
298.237	-1.96408
330.049	-1.99245
316.805	-2.13305
338.699	-2.06699
265.428	-2.11061
254.487	-1.94274
211.991	-1.67756
311.78	-1.00435
285.065	-0.425102
221.402	0.196329
217.468	0.481539
228.715	0.435077
316.091	0.750429
388.897	0.536485
431.685	0.30172
355.283	-0.365552
235.376	-1.39727
235.869	-1.75089
165.873	-2.05569
171.886	-1.64285
116.043	-1.55239
81.5386	-1.49469
41.5956	-1.64164
28.2501	-1.55698
26.7045	-1.41502
27.6699	-1.25154
25.3253	-0.961306
20.3791	-1.0355
18.5511	-0.915489
16.0354	-0.895149
13.8725	-0.74933
35.6141	-1.45479
84.4205	-1.73135
38.1343	-1.35996
34.2684	-1.3422
29.3741	-1.37694
30.7533	-1.68889
44.2877	-1.71541
90.5383	-1.73658
108.329	-1.68237
109.913	-1.59594
144.239	-1.73458
138.429	-1.92361
111.844	-2.38904
60.3605	-2.43718
55.8692	-1.47414
165.641	-0.939349
116.452	-1.03741
167.682	-1.34767
220.078	-0.829985
214.047	0.314536
191.716	0.212249
198.496	0.352076
233.448	0.447939
207.649	0.328569
249.01	0.289375
236.054	0.238732
214.8	0.249968
194.325	0.264338
189.625	0.379783
202.863	0.150461
164.645	0.270267
197.524	0.400519
198.986	0.103512
176.506	-0.380695
102.47	-0.154392
88.0079	-0.433333
65.6621	-0.704323
55.9862	-0.861934
46.3115	-0.749408
46.2144	-0.741709
41.4671	-0.89927
34.8961	-0.971112
32.1126	-0.988113
26.0737	-0.811556
22.7594	-1.04537
21.2724	-0.854419
21.3394	-0.896305
17.7997	-0.973913
17.2127	-0.881814
16.6252	-0.885149
17.4074	-0.895376
15.2174	-0.883249
13.9922	-0.764367
15.3055	-0.798954
10.911	-0.758274
16.0114	-0.208004
12.7189	-0.685064
11.6714	-0.75968
10.822	-0.820286
11.7954	-0.843496
12.8552	-0.705389
11.6681	-0.835275
16.003	-0.640938
18.3663	-0.446343
13.6488	-1.10297
23.7616	-1.26132
26.5934	-1.13783
26.5893	-1.53196
24.8845	-1.27474
37.9186	-1.42949
38.5756	-1.56065
48.5997	-1.60999
48.9081	-1.59368
46.8798	-1.48714
36.8887	-1.47368
31.0203	-1.32664
27.3894	-1.24411
162.672	-0.462409
269.348	-0.49908
316.403	-0.313177
297.438	-0.235403
297.604	0.0896301
292.938	0.121845
198.872	-0.212258
105.498	-0.416697
62.1995	-0.856506
75.6145	-0.630709
60.2687	-1.10461
63.5035	-0.95568
70.2371	-0.983419
63.3666	-1.21597
48.9342	-1.20834
56.4026	-1.23501
71.8635	-1.3191
67.7655	-1.58459
89.2735	-1.30353
217.574	-1.08251
125.887	-1.16756
80.9138	-1.14448
60.1004	-0.967331
62.0722	-1.14677
81.4247	-1.25383
75.8863	-1.21861
69.3619	-1.42992
68.9659	-1.66251
58.8513	-1.88483
64.9258	-1.69216
52.7976	-1.72565
44.6565	-1.85485
43.0182	-1.8285
68.172	-1.67718
86.4188	-1.83546
123.747	-1.78258
128.605	-2.15389
103.285	-2.38415
134.528	-1.99291
138.717	-1.93719
154.857	-1.85112
147.933	-1.76848
137.792	-1.7518
140.732	-1.81798
134.876	-1.99606
156.398	-1.82945
267.373	-1.61771
516.773	-1.27811
451.969	-1.76539
606.574	-1.60685
754.504	-1.45244
802.884	-1.29006
651.533	-1.48387
589.439	-1.56582
332.797	-1.85648
158.563	-1.87563
165.318	-1.88921
136.7	-1.94495
86.4747	-1.94254
127.586	-1.18973
202.27	-0.867367
300.825	-0.0606563
324.881	0.0831908
359.414	0.0957525
420.951	0.237706
421.989	0.303023
595.608	0.528709
507.41	0.319948
369.902	0.17834
528.778	-0.799798
808.516	-1.22295
799.915	-1.33865
635.973	-1.50297
528.325	-1.299
551.019	-0.50952
402.289	-0.228729
236.514	-0.189279
130.496	-0.35368
78.3664	-1.28665
69.2621	-1.27682
78.0534	-1.56889
111.29	-2.02538
149.847	-1.88848
171.598	-1.71974
178.556	-1.56781
173.524	-1.49888
428.401	-0.467926
436.955	-0.185772
298.569	-0.361539
269.863	-0.493622
298.751	-0.521925
376.539	-0.700202
401.942	-0.844488
514.732	-1.01836
755.788	-1.1637
644.771	-1.46863
704.762	-1.53367
834.728	-1.58023
859.484	-1.82877
903.428	-1.84951
999.944	-1.75891
850.745	-1.93699
710.569	-2.06603
269.947	-1.94851
45.6011	-1.89778
36.6522	-2.01482
27.92	-1.7603
24.7201	-1.66222
24.2398	-1.48398
55.092	-0.800925
123.505	-0.85711
75.9482	-1.46807
73.8723	-1.58682
84.4342	-1.41275
117.238	-1.49119
106.915	-1.99379
113.666	-1.7563
93.4179	-0.934676
149.879	-1.51076
238.671	-2.30048
295.614	-2.1866
270.384	-2.22538
246.809	-2.37251
233.91	-2.39124
254.214	-2.15628
285.219	-2.24972
332.93	-2.19174
273.048	-2.41033
214.136	-2.43886
299.963	-1.92449
330.233	-1.96482
325.576	-2.07179
259.141	-2.29316
190.62	-2.3153
143.695	-2.40061
133.566	-2.34192
117.449	-2.26306
89.7238	-2.19272
79.3531	-2.02501
45.3244	-1.6043
34.4552	-1.38757
30.9384	-1.45178
62.4951	-2.06977
67.491	-2.30778
82.8661	-2.25025
92.5454	-2.05605
82.9945	-2.08114
40.2792	-1.88988
48.0384	-1.82254
28.9128	-1.56247
13.1989	-0.914423
13.0392	-0.872361
12.2812	-0.773182
13.6121	-0.802178
12.9911	-0.730671
12.4863	-0.876263
13.8022	-0.818867
13.2474	-0.812154
12.2797	-0.790383
13.1463	-0.787829
12.3348	-0.730791
12.5158	-0.629886
11.2031	-0.660195
11.49	-0.658548
10.6538	-0.826186
12.2055	-0.636866
12.2602	-0.75497
13.1061	-0.771208
13.4647	-0.661067
16.4843	-0.739979
17.8307	-0.740815
20.2805	-1.31698
20.7501	-1.46943
22.2681	-1.42847
29.7285	-1.18625
15.9175	-1.18309
14.3493	-0.888646
11.4718	-0.753716
84.5205	-0.81209
158.935	-1.07419
336.857	-1.97172
340.529	-2.1215
322.181	-2.1509
301.927	-2.15166
242.843	-2.36356
124.215	-1.88521
220.126	-0.895705
391	-1.4045
186.025	-2.07471
150.784	-2.14654
87.4988	-1.83475
21.6516	-1.71452
18.7522	-1.31485
14.6673	-1.14773
50.1094	-0.0299444
560.238	0.248721
388.314	-0.225937
84.5959	-0.831479
85.1108	-2.09465
144.408	-2.10259
123.651	-2.28779
106.067	-2.14962
57.0586	-2.00111
25.03	-1.52891
19.6832	-1.45445
20.5781	-1.3064
302.402	-0.484585
415.496	-1.05671
326.251	-1.89399
319.334	-2.18535
336.225	-2.10729
404.332	-1.79201
325.768	-1.98825
259.832	-2.10176
252.501	-0.875594
170.539	-0.921476
556.544	-1.21783
389.261	-2.00261
309.911	-1.72576
116.228	-1.30017
356.185	-0.497595
344.848	-1.22831
243.034	-1.91591
241.231	-1.93426
280.224	-1.78346
333.817	-1.65047
398.577	-1.63534
477.425	-1.57466
398.555	-1.80523
358.945	-1.8507
300.349	-1.94212
215.433	-1.88004
162.573	-1.91667
113.347	-2.02146
102.652	-1.88979
86.774	-2.01051
73.9047	-2.17421
90.8821	-1.88107
65.2337	-2.03642
63.2817	-1.88599
56.5045	-1.79353
50.8591	-1.76618
40.9312	-1.48787
39.5548	-1.1311
35.8237	-0.970538
35.0981	-0.601945
32.6048	-0.428707
37.0583	-0.51409
41.6672	-0.386225
38.9112	-0.354528
37.3586	-0.376853
34.7389	-0.445307
39.5856	-0.621595
32.5336	-0.622738
27.8234	-0.536635
25.3509	-0.641128
23.77	-0.633181
21.6888	-0.8706
24.5212	-0.711656
20.0378	-0.682088
19.6619	-0.655945
17.3294	-0.72344
17.7023	-0.760419
16.2924	-0.723798
13.8137	-0.674855
14.2581	-0.60813
16.1282	-0.772621
15.7552	-0.749862
13.483	-1.07454
14.4191	-0.791346
13.8045	-0.631847
12.3723	-0.733726
14.3859	-0.751017
14.4019	-0.740815
15.2505	-0.822195
14.9253	-0.828455
12.3758	-0.747009
14.1122	-0.806141
12.742	-0.559731
13.6249	-0.662622
12.563	-0.562601
11.6706	-0.738728
10.1371	-0.675193
13.4567	-0.682763
13.3166	-0.574429
12.6019	-0.660589
13.8873	-0.716234
13.1579	-0.638916
12.4039	-0.684992
14.1005	-0.652826
13.7943	-0.742912
16.4363	-0.828186
19.6954	-0.865831
19.9396	-0.92267
17.9447	-1.00191
23.7827	-1.3418
34.8247	-1.85902
49.8144	-1.80712
47.2196	-1.79617
48.0095	-1.89492
31.7979	-2.06166
25.2952	-1.78771
25.5642	-1.70694
22.9829	-1.79378
26.0597	-2.02848
178.286	-1.7619
496.718	-1.72816
504.564	-1.90853
577.462	-2.00286
833.17	-1.78612
732.221	-1.99858
626.611	-2.06173
431.094	-1.73249
139.55	-0.975328
53.4797	-1.06505
229.351	-0.221244
302.577	-0.0760319
448.271	-0.053715
292.062	0.390248
388.36	0.200391
314.168	0.152044
180.453	0.0768271
90.1755	-0.0273133
48.1636	-0.0574644
31.8333	-0.390588
34.0756	-0.00112358
37.632	-0.0602305
152.628	-0.46142
373.254	-0.707551
352.721	-0.276493
398.939	-0.577741
287.087	-0.978063
394.797	-0.42465
734.404	-0.424263
963.572	-0.183386
850.749	-0.0681969
650.849	0.0188384
498.29	0.105195
432.399	-0.0362418
493.294	-0.31196
639.754	-0.534388
725.078	-0.898293
849.019	-1.17899
989.861	-1.13013
1057.53	-1.29042
959.455	-1.516
876.692	-1.81297
934.39	-1.58385
649.749	-1.9638
511.999	-2.1277
388.739	-2.1451
265.072	-2.0908
230.594	-1.84807
266.834	-1.7492
271.338	-1.94745
356.027	-1.97553
479.948	-2.02575
562.698	-1.97438
633.842	-1.78685
699.882	-1.56492
587.036	-1.71925
666.432	-1.22335
627.65	-1.13715
673.879	-0.962046
666.111	-0.954971
525.41	-1.08251
389.63	-1.14764
363.536	-1.3095
505.46	-1.66433
511.453	-1.92111
591.617	-1.63741
503.927	-1.88615
407.874	-2.16886
394.18	-2.25261
346.864	-2.12071
204.142	-2.11707
122.633	-2.14406
163.187	-2.04951
212.764	-1.9284
297.721	-1.70387
337.95	-1.82049
368.878	-1.81055
400.444	-1.6649
416.067	-1.55947
330.043	-1.75868
236.787	-1.8821
160.892	-2.03956
82.6456	-2.21518
71.4029	-1.99187
86.3417	-1.33292
108.276	-1.58567
79.5067	-1.88516
89.934	-1.81586
102.232	-1.68405
94.0729	-1.75873
87.7017	-1.63513
86.9538	-1.75055
91.3265	-1.78167
89.4397	-1.71496
79.9758	-1.86583
81.5882	-1.87292
98.8408	-1.72596
426.061	-1.33999
718.87	-0.915229
741.528	-0.936311
835.251	-0.871193
1172.22	-0.513457
1071.61	-0.664237
981.045	-0.662447
721.889	-1.01577
523.353	-1.26235
361.682	-1.23827
329.042	-1.39476
269.749	-1.14927
304.251	-0.735085
361.895	-0.0608704
304.314	0.412742
254.971	0.592705
255.297	0.980488
251.151	0.686955
256.536	0.71193
230.656	0.7177
211.979	0.762253
185.19	0.628899
196.17	0.529631
197.934	0.665173
224.338	0.543928
197.216	0.5636
152.513	0.295596
96.2022	-0.0557562
74.1628	-1.18026
99.8361	-2.02873
58.7178	-1.58693
141.249	-1.32852
190.755	-1.88217
254.269	-2.09647
323.627	-1.9669
339.062	-2.04614
377.162	-2.10145
359.168	-2.11152
366.093	-2.14245
319.839	-2.3087
381.424	-1.81259
173.45	-1.35575
362.918	-0.968987
453.654	-1.50979
419.281	-1.86173
289.234	-1.18354
74.8148	-0.951962
316.81	-0.396293
324.564	-0.550124
332.236	-0.738617
298.371	-0.666064
295.552	-0.827913
260.14	-1.16221
186.791	-1.56249
111.417	-1.98341
80.7589	-2.02437
91.6479	-2.03716
126.354	-2.10359
170.629	-2.18461
229.069	-2.18874
337.392	-2.02312
416.625	-2.0037
446.589	-1.9722
509.911	-1.83214
558.507	-1.71846
599.791	-1.61914
490.493	-1.76559
395.946	-1.80338
156.752	-1.50813
127.95	-0.767667
364.529	-0.211037
377.957	-0.758428
464.865	-0.821152
430.023	-0.670736
298.178	-0.703585
239.52	-0.846534
175.202	-0.771193
132.905	-0.750243
113.316	-0.433878
111.542	-0.157251
139.397	-0.33599
96.2581	-0.290613
76.6677	-0.239657
62.0831	-0.330242
52.8734	-0.401374
57.3138	-0.432387
51.5658	-0.57387
58.1643	-0.558442
52.3194	-0.618632
49.045	-0.233579
45.0369	-0.433821
44.187	-0.660594
38.9457	-0.589473
40.6008	-0.533258
37.8256	-0.543095
29.1323	-0.594574
31.7767	-0.686186
33.5696	-0.719645
25.2944	-0.205783
24.2113	-0.61496
22.5706	-0.7744
21.6906	-0.753332
20.9693	-0.61511
17.0186	-0.691377
14.3226	-0.691368
15.8214	-0.884001
13.4949	-0.92805
13.8106	-0.943948
12.7272	-0.89958
13.9206	-0.646589
21.704	-0.060498
13.4306	-0.612678
11.6918	-0.632375
11.9558	-0.731462
15.0763	-0.537226
12.6361	-0.675365
11.4395	-0.797457
12.2615	-0.670903
13.3917	-0.600754
10.7677	-0.666272
6.63361	-0.464246
10.5189	-0.655424
10.9583	-0.58994
10.1669	-0.707577
10.0538	-0.610002
10.2771	-0.614861
10.2441	-0.604143
11.158	-0.641813
11.6839	-0.728473
14.2408	-0.797154
16.6179	-0.704074
16.2968	-0.720167
13.7167	-0.471318
12.2186	-0.412072
10.3753	-0.443198
13.2836	-0.770017
50.2493	0.50689
45.3886	0.35123
24.4683	-0.00342894
37.2622	-0.0425283
91.1467	0.416716
68.4391	-0.19587
75.54	0.00790308
77.1869	-0.127657
94.2149	-0.0424592
100.582	0.0437785
127.489	0.201232
168.323	0.0751136
221.121	-0.12442
256.461	-0.39502
188.797	-0.934904
184.337	-0.945003
194.075	-1.06604
141.84	-1.36273
57.1614	-1.66989
56.0938	-1.7179
60.516	-1.72953
65.3793	-1.69234
166.2	-0.790538
216.05	-0.481151
240.311	-0.388138
285.342	-0.22913
308.635	-0.201249
313.746	-0.217495
243.517	-0.438885
142.314	-1.14876
112.913	-1.5335
113.845	-1.56592
114.776	-1.541
104.546	-1.66391
104.002	-1.59031
84.7236	-1.80023
65.1008	-1.96456
57.6109	-1.84898
44.5735	-1.72395
31.1794	-1.53642
78.3363	-0.581037
209.758	-0.0109081
187.493	0.409209
221.198	0.515841
243.945	0.581437
253.947	0.716157
256.418	0.646687
254.249	0.318664
158.672	-0.326719
44.654	-1.33855
31.803	-1.30044
28.3888	-1.41975
37.8748	-1.30725
71.5166	-0.95318
131.053	-0.73
203.177	-0.101725
261.811	0.382038
299.729	0.546411
318.731	0.603379
314.521	0.583085
254.972	0.309713
174.282	-0.0505581
130.925	-0.3357
105.997	-0.419271
87.6126	-0.569752
63.7862	-0.734172
68.9575	-0.731909
103.261	-0.801765
190.606	-0.904679
236.778	-0.998823
193.083	-1.20479
152.697	-1.19566
131.835	-1.13958
113.218	-1.17652
83.116	-1.20792
74.6315	-1.53185
60.0397	-1.73749
56.0242	-1.92251
59.8708	-1.93718
55.7825	-2.04579
53.4333	-1.90131
39.0873	-2.06496
38.8638	-2.05871
23.6039	-2.01657
15.1674	-1.32882
13.4118	-0.80271
13.2764	-0.74348
11.7159	-0.647157
11.6569	-0.772764
11.0178	-0.797234
10.6949	-0.830226
10.4274	-0.821378
12.6183	-0.680213
12.2405	-0.551132
13.3333	-0.715092
28.5489	-1.07638
41.7233	-0.649739
50.4108	0.714695
102.44	0.837091
125.212	1.24733
156.16	1.07528
158.18	1.07864
182.03	1.04215
234.273	0.734124
251.399	0.545484
200.692	0.101033
190.285	-0.717381
227.219	-1.64493
284.178	-1.6644
320.545	-1.47885
305.832	-1.69053
218.342	-1.96156
87.3127	-1.99104
78.2653	-1.98047
78.2295	-1.92145
64.8949	-1.98574
47.6982	-2.01324
32.0616	-1.93804
26.9171	-1.97224
17.8282	-1.54489
19.2618	-1.47335
37.7693	-0.950873
309.881	-1.53137
671.756	-1.94401
516.366	-2.117
189.667	-2.06181
180.5	-1.8694
443.211	-2.01585
714.548	-1.88355
779.457	-1.80907
802.396	-1.69861
755.44	-1.73158
759.247	-1.67926
792.636	-1.35355
772.162	-1.14614
672.104	-0.99886
628.752	-0.857441
565.515	-0.855023
476.077	-1.01667
402.763	-0.846061
335.032	-0.512697
297.986	0.164633
334.712	0.773596
337.974	0.874702
303.077	0.616292
316.264	0.268403
233.085	-0.51977
157.915	-0.966141
144.993	-1.46421
133.714	-1.86964
150.821	-1.85028
92.4603	-1.75704
78.815	-1.69319
76.1066	-1.73598
75.594	-1.62614
169.716	-0.698148
198.854	-0.574535
203.703	-0.423859
227.483	-0.501687
183.894	-0.871865
173.681	-0.948197
99.9697	-1.38713
77.9021	-1.77
66.8874	-1.96769
72.0123	-1.85482
71.6123	-1.80302
62.9432	-1.85111
51.2667	-1.94984
41.9899	-1.60456
69.2612	-1.38282
133.365	-0.906728
180.293	-0.756641
205.433	-0.558063
178.442	-0.306123
190.521	-0.0970112
206.798	0.452465
251.78	0.775977
222.99	1.21814
189.352	1.50099
211.607	1.58901
301.965	1.48935
277.505	1.54062
275.556	0.869239
190.633	0.452967
119.016	-0.507756
147.906	-1.74737
138.322	-1.74631
173.48	-1.66166
165.781	-1.7394
150.723	-1.86749
161.152	-2.01343
139.946	-1.90424
100.719	-1.95148
93.0502	-2.01716
96.7329	-2.06292
78.7266	-1.89949
61.4523	-1.76904
92.4365	-1.66517
58.5098	-1.93875
58.0901	-1.85701
43.3363	-1.76697
49.1745	-1.8472
41.4662	-1.76827
47.9201	-1.72471
32.5124	-1.25196
28.867	-1.09096
40.5249	-0.853673
51.4975	-1.06354
51.0756	-1.18597
32.6012	-1.16794
39.6004	-1.08435
39.88	-1.30226
40.524	-1.52331
50.881	-1.81436
34.6955	-1.6788
34.2679	-1.48886
31.5629	-1.35638
25.5649	-1.16614
23.8552	-1.26143
24.6358	-1.1933
19.8685	-0.76975
18.5407	-0.754516
14.6843	-0.853567
15.5426	-0.758045
16.1902	-0.615307
14.7703	-0.836688
12.959	-0.726226
13.7701	-0.693167
13.6255	-0.816588
12.8983	-0.820869
13.4405	-0.676021
11.7963	-0.667306
11.8422	-0.679581
12.1006	-0.796164
12.1756	-0.514234
11.5153	-0.611251
11.2055	-0.592612
11.8141	-0.626524
12.3431	-0.609371
7.85538	-0.676786
11.1691	-0.567305
10.9516	-0.579824
13.1466	-0.692225
11.5939	-0.674942
11.6085	-0.521015
11.3806	-0.760022
16.0268	-0.928606
23.185	-0.903853
22.5249	-1.03026
14.5166	-0.730515
13.7351	-0.756156
13.7013	-0.68998
17.8362	-1.27739
27.0525	-1.59794
33.9954	-1.67642
33.1239	-1.58467
49.8423	-1.71226
55.2434	-1.65097
62.0987	-1.78554
61.3278	-1.84762
72.3463	-1.78856
163.656	-2.12701
271.598	-1.96726
334.003	-1.84094
353.196	-1.91857
379.379	-1.92099
358.871	-2.05046
345.728	-1.47564
454.469	-0.493737
557.278	0.581117
499.331	1.05176
518.215	1.38067
526.904	1.4591
478.951	1.5394
386.139	1.44606
422.504	1.07344
361.166	0.699423
346.287	-0.250368
380.725	-0.938563
521.395	-1.16671
685.117	-0.9396
521.334	-1.37442
485.469	-1.32547
493.976	-0.402323
496.99	0.1146
417.328	0.586676
393.323	0.757313
354.609	0.820434
405.123	0.810787
424.076	1.00304
672.654	0.427425
659.749	-0.0808733
688.035	-0.916543
797.689	-1.18858
932.957	-1.08864
874.136	-1.3739
710.962	-1.6259
488.777	-2.04399
178.802	-1.89002
110.984	-1.78675
122.847	-1.8079
215.305	-2.13567
226.339	-2.49457
210.807	-2.45569
168.505	-2.32865
126.671	-2.38455
139.313	-2.19636
148.043	-2.15073
144.458	-2.11811
114.43	-1.73734
80.218	-1.24927
94.5686	-0.863102
119.624	-0.810788
144.209	-0.642606
154.188	-0.549637
175.645	-0.285125
194.165	-0.0891019
229.273	-0.228468
270.149	-0.392637
267.161	-0.392
219.985	-0.770123
102.421	-1.26895
95.5884	-1.85025
101.928	-1.82406
108.425	-1.8203
111.142	-1.62773
79.7334	-1.4462
21.5948	-1.70484
19.8677	-1.76462
57.5197	-0.222734
233.377	-0.403667
276.106	-0.79992
197.212	-1.37753
147.202	-1.58944
182.3	-1.45119
209.947	-1.50272
216.103	-1.31874
246.548	-1.37551
252.113	-1.55179
308.104	-1.47804
331.744	-1.5294
350.828	-1.73515
279.059	-2.26026
209.904	-2.26645
72.7527	-2.29173
100.932	-2.29572
197.359	-2.08021
172.944	-2.38252
93.4636	-2.21828
71.2152	-1.99991
101.198	-1.85569
101.235	-2.1086
58.3785	-2.17885
57.6294	-1.97083
67.0969	-1.93616
78.3416	-1.94456
79.7292	-2.01587
88.6203	-1.74686
96.2096	-1.59056
107.735	-1.42922
241.845	-0.553404
292.812	-0.474484
276.544	-0.658471
351.58	-0.964667
138.874	-1.4692
34.2544	-1.76913
36.7468	-1.85678
24.1459	-1.64439
23.3461	-1.09522
18.1862	-1.30825
17.3469	-1.34385
105.164	-0.617744
215.083	-0.713139
113.792	-1.61509
118.702	-1.56228
121.427	-1.36411
148.054	-1.1748
110.618	-1.24284
110.215	-1.40004
148.807	-1.22605
198.996	-1.03407
302.029	-1.1379
416.037	-0.840358
404.106	-1.12728
144.749	-1.38401
309.187	-1.1694
454.496	-1.45336
405.652	-1.8517
377.736	-2.00272
438.63	-1.9384
431.005	-1.94532
338.655	-2.16088
388.719	-1.899
305.107	-2.05006
236.778	-2.08776
165.614	-1.9387
138.37	-1.85422
163.658	-1.87943
176.008	-1.87616
230.792	-1.8865
342.928	-1.48175
395.914	-1.32754
424.3	-1.28301
434.176	-1.11573
464.825	-1.31049
528.521	-1.11892
356.887	-1.39655
284.342	-1.33104
319.914	-1.04405
256.395	-1.25663
229.669	-1.07551
299.47	-0.858594
309.699	-0.64662
221.748	-0.800687
158.014	-1.06664
97.6041	-1.03761
87.715	-0.741257
83.5563	-0.394204
57.8031	-0.421644
52.7419	-0.443388
51.0453	-0.41817
41.3523	-0.492844
43.4069	-0.534374
40.5288	-0.674109
38.9126	-0.808903
30.3914	-0.874347
27.5017	-0.622361
27.0916	-0.926985
25.8271	-0.874208
28.2115	-1.04446
26.9668	-1.00209
26.9457	-0.885735
21.9348	-0.929537
21.0981	-1.01218
20.5375	-1.07508
16.2399	-1.0393
29.2776	-0.59051
19.9966	-0.938232
17.1253	-1.08775
16.0374	-0.990842
14.9356	-0.639411
16.1488	-0.589115
14.3208	-0.664278
12.3522	-0.977105
13.2089	-0.994144
13.6515	-0.930108
12.6135	-0.814108
10.5026	-0.640959
11.3047	-0.543965
8.71138	-0.823016
12.8683	-0.879213
11.5694	-0.589949
10.1365	-0.951981
10.9683	-0.675404
12.3682	-0.58476
12.3463	-0.51387
11.306	-0.694781
11.5297	-0.659505
11.902	-0.798805
12.9584	-0.636303
281.632	-0.411038
195.387	-0.757939
280.385	-1.79467
408.265	-1.95091
314.567	-2.25233
344.717	-2.03203
395.032	-1.89823
422.129	-1.83559
382.377	-2.06962
296.701	-1.74682
141.538	-1.81062
315.993	-1.91731
289.618	-2.22287
287.759	-2.37184
258.317	-2.38466
340.403	-2.01622
323.859	-1.92995
335.685	-1.62219
342.142	-1.74425
408.151	-1.72811
518.292	-1.84179
530.149	-2.05843
607.682	-1.95311
617.006	-2.0631
724.182	-1.92159
809.733	-1.85527
867.485	-1.96252
888.659	-1.98768
902.261	-1.99079
804.791	-2.04047
295.468	-2.32806
183.166	-1.89292
625.51	-2.09492
883.509	-2.14077
902.614	-2.10501
889.436	-2.05933
895.36	-2.21569
805.989	-2.27063
640.706	-2.24313
677.133	-2.24332
598.713	-2.41701
582.151	-1.97815
482.117	-2.08345
438.489	-2.12981
374.191	-2.03856
322.91	-1.86186
257.24	-1.8893
250.693	-1.97879
221.994	-1.6911
305.101	-1.75508
270.77	-1.89438
266.673	-1.91206
149.589	-1.993
113.067	-2.04357
125.484	-1.83914
122.857	-1.83418
126.658	-1.78959
107.159	-1.90477
91.637	-1.6165
78.6706	-1.48336
47.2563	-1.66222
27.4978	-1.6844
175.87	-0.34951
237.422	-0.313445
892.203	-0.503526
314.854	-0.668767
245.994	-1.57767
356.926	-1.98337
310.662	-1.98143
319.093	-1.99967
328.35	-1.93381
345.104	-2.00566
360.13	-2.04065
358.267	-2.162
408.423	-2.11229
393.889	-2.1139
360.227	-2.32733
283.074	-2.5095
244.866	-2.47739
123.186	-2.24629
27.6918	-1.79948
23.5965	-1.84923
26.0225	-1.81051
23.2953	-1.53212
20.7811	-1.6321
23.3678	-1.69089
33.8707	-1.9082
35.3125	-1.82942
33.9252	-1.80339
42.0613	-1.56495
36.6486	-1.66363
33.3442	-1.88397
300.013	-1.0959
687.078	-0.975892
696.318	-0.899592
561.464	-0.988437
496.051	-1.02612
404.431	-0.939816
272.468	-0.908224
103.438	-1.13813
60.2097	-1.43928
222.531	-1.24139
168.297	-1.37368
189.418	-1.15699
215.88	-1.01575
217.014	-1.04259
226.92	-0.885125
214.588	-0.864082
205.166	-0.926498
172.251	-0.808652
178.991	-0.93001
196.86	-0.848428
202.987	-1.06562
227.713	-1.11696
257.838	-1.16085
211.198	-1.39884
162.022	-1.42513
144.655	-1.39237
146.522	-1.47018
155.828	-1.21985
206.826	-0.95091
234.578	-0.704308
224.605	-0.439587
224.584	-0.175023
216.858	-0.0524752
206.009	0.0605953
117.115	-0.432212
80.4323	-0.416137
29.5366	-0.984585
17.2485	-1.04708
14.9836	-1.04904
14.2088	-0.94607
14.4431	-0.886436
12.833	-0.859521
14.5693	-0.757142
12.9734	-0.674238
126.169	-0.427672
250.329	-0.592952
105.669	0.30736
147.474	0.390908
194.383	0.56091
227.564	0.5532
238.477	0.421613
231.096	0.333425
245.918	0.590442
252.503	0.560234
257.161	0.450729
229.84	0.527021
198.025	0.458817
159.726	0.35612
136.062	0.289816
167.591	0.453387
164.694	0.428439
156.033	0.323327
177.001	-0.23298
141.061	0.353964
123.095	0.231402
91.5181	-0.120503
92.5255	-0.167391
81.2676	0.0181713
65.62	0.0169277
53.315	0.110041
56.412	-0.18984
49.9233	-0.237307
41.2512	-0.194719
38.6059	-0.501451
31.6148	-0.650719
29.1033	-0.456813
23.3631	-0.790841
21.9911	-0.764797
19.2252	-1.05928
19.5221	-0.756372
19.348	-0.788793
17.6817	-0.892372
15.3708	-0.731925
16.0713	-0.6602
14.8297	-0.790841
14.7018	-0.709621
15.141	-0.714049
10.9844	-0.746633
14.4571	-0.592353
12.1821	-0.699462
12.1431	-0.673729
12.8346	-0.652005
13.1796	-0.574828
14.122	-0.616974
15.3879	-0.67966
18.7476	-0.679998
16.6563	-0.900734
15.0428	-1.11203
15.3998	-0.785975
14.522	-0.56331
16.2179	-0.62425
17.8783	-1.20673
15.3465	-0.794683
13.7417	-0.635806
13.7438	-0.594958
13.2533	-0.581513
12.2861	-0.740532
12.3468	-0.549173
13.9671	-0.734664
19.523	-0.899098
42.6545	-1.89883
67.5295	-1.97397
84.4048	-1.86161
85.961	-2.08957
114.363	-2.13982
129.285	-2.1492
161.189	-2.17774
159.537	-2.16008
127.793	-2.32435
118.36	-1.92718
91.0639	-1.90307
94.0543	-1.42041
254.008	-0.614156
442.369	0.558627
436.836	1.03921
413.254	1.09371
369.239	1.06604
376.471	1.31863
401.367	1.1406
322.253	1.00589
360.459	0.834587
410.82	0.0808562
404.898	-0.621631
503.297	-0.39217
442.321	-0.506798
455.013	-0.0424416
459.815	0.305075
490.969	0.371013
344.302	0.791455
211.476	0.318005
81.0127	0.0642391
28.6322	-0.248795
24.9257	-0.417559
22.04	-0.277836
19.5203	-0.0299471
19.2114	-0.165121
98.1608	-0.397984
395.555	-0.665747
447.852	-0.556586
262.049	-0.869337
513.96	-1.55755
684.508	-1.35866
837.112	-1.20397
724.356	-1.40446
369.214	-1.75397
132.476	-2.02009
135.562	-2.10678
135.645	-2.16839
153.48	-2.14771
165.835	-2.10724
341.661	-2.05819
563.565	-1.89377
657.798	-1.78302
761.949	-1.63433
838.762	-1.55191
808.254	-1.62746
861.61	-1.52875
786.33	-1.67118
712.872	-1.84723
673.674	-1.92918
741.717	-1.82532
739.983	-1.81294
596.043	-2.00897
526.759	-2.0119
469.954	-1.95856
307.571	-2.12617
186.687	-2.20547
148.262	-2.01156
116.086	-1.97172
109.652	-2.06635
123.149	-2.00584
159.084	-2.09765
287.889	-2.05631
321.616	-2.09337
381.943	-1.71634
391.25	-1.83207
439.388	-1.67623
513.974	-1.53473
497.123	-1.82031
413.319	-2.24803
301.444	-2.40363
252.363	-2.10256
187.931	-2.1161
108.263	-2.38274
93.4719	-2.32238
71.165	-2.18595
59.1782	-1.79772
71.6259	-1.74144
117.771	-1.58823
250.42	-1.49635
501.41	-0.963752
549.147	-0.931141
385.175	-1.16589
393.154	-0.597327
411.082	-0.179683
432.52	0.487231
392.731	0.356514
324.724	0.440699
313.745	0.600788
407.552	0.638568
412.776	0.528537
495.534	0.125377
542.305	-0.108725
372.297	-0.453633
264.963	-0.929842
257.566	-1.58196
342.62	-2.19205
344.018	-2.24111
270.999	-2.39819
243.299	-2.29434
271.586	-1.44559
213.026	-1.42095
233.081	-1.76884
373.419	-1.64262
206.509	-1.75718
190.057	-1.85455
222.438	-2.22379
238.569	-2.49995
257.343	-2.6014
302.345	-2.51994
360.394	-2.34093
318.826	-2.37948
283.298	-2.42376
267.908	-2.52446
223.765	-2.58907
179.19	-2.60444
162.812	-2.57878
155.129	-2.38134
120.114	-2.46369
118.499	-2.34759
95.6602	-2.287
77.1926	-2.42438
67.5438	-2.23661
49.5954	-1.96744
41.6734	-1.92013
50.7711	-1.74184
43.7626	-1.83931
45.579	-1.61141
38.8089	-1.53433
39.3385	-1.73135
41.1418	-1.77326
33.5169	-1.72327
36.4326	-1.68907
35.5301	-1.60645
36.9211	-1.62639
37.6701	-1.59968
36.388	-1.55986
38.3308	-1.49031
38.5736	-1.38918
30.9333	-1.41187
31.4531	-1.15609
27.0372	-1.13905
23.8467	-0.96557
26.8189	-0.790639
22.4132	-0.623268
22.0063	-0.584804
22.2755	-0.757729
21.0047	-0.572334
20.0632	-0.849294
22.1182	-0.805681
20.6002	-0.80365
19.0107	-0.73197
9.51198	-0.394664
13.8091	-0.736201
14.0657	-0.679061
14.6518	-0.792304
14.2132	-0.571869
14.8449	-0.97326
14.0159	-0.765691
12.751	-0.597303
12.868	-0.478081
34.7061	0.350072
281.568	0.472549
486.28	-0.141821
175.465	-0.419034
78.866	-0.858081
317.455	-1.20988
386.045	-1.19002
394.741	-1.17363
307.84	-1.40805
251.002	-1.18162
75.5621	-1.21747
25.6132	-1.74362
24.3603	-1.69998
24.6834	-1.55788
28.4942	-1.46975
29.5775	-1.84465
22.585	-1.66412
144.612	-0.186268
239.573	-0.389583
243.114	-0.428244
328.468	-0.666995
508.602	-0.781073
726.911	-0.578532
654.19	-0.811374
684.411	-1.17521
697.73	-0.981957
746.422	-0.499296
965.83	0.342757
1093.82	1.19199
1000.11	1.85114
950.927	2.056
811.935	2.02633
906.477	1.93601
778.33	1.63154
737.506	1.2823
628.936	0.843554
338.854	0.582375
214.039	-0.716387
336.755	-1.58853
464.211	-1.65842
570.374	-1.61557
525.076	-1.85255
661.001	-1.64742
713.546	-1.52756
669.156	-1.66529
694.668	-1.69938
765.106	-1.59138
721.215	-1.62736
769.289	-1.66384
738.798	-1.59499
658.235	-1.56981
593.817	-1.42603
490.467	-1.52601
438.54	-1.7241
380.548	-1.8938
340.251	-1.85695
250.896	-1.95256
209.413	-1.97709
172.587	-2.17851
87.5422	-2.06348
68.0754	-2.00098
40.0043	-1.35813
25.3813	-1.17999
27.6378	-1.60503
33.5244	-1.95529
43.8431	-1.92479
31.0405	-1.66265
25.8566	-1.08331
21.1271	-1.13675
29.8297	-0.606389
62.2152	-0.524046
65.6636	0.160883
82.6577	0.479052
105.755	0.498483
135.335	0.385541
144.112	0.227914
158.709	0.143715
217.5	0.103632
272.557	0.135878
229.705	0.308055
171.428	-0.395735
197.541	-0.796991
192.861	-0.689108
158.199	-0.698332
111.943	-0.972045
58.022	-1.59028
61.6817	-1.73371
74.4497	-1.41032
76.0045	-1.41579
60.2593	-1.74892
59.7205	-1.76278
72.6012	-1.35545
85.5308	-1.05153
106.488	-0.483679
159.488	0.0347081
233.989	0.446706
260.936	0.463406
283.818	0.189409
365.824	0.132321
430.066	-0.0857611
358.364	-0.556249
342.369	-0.558191
202.552	-1.0536
55.8064	-1.2924
23.9567	-1.16229
18.5871	-1.21569
21.241	-0.777646
20.4001	-0.856339
162.566	-0.143358
394.867	-0.0181201
335.681	-0.23541
82.8743	-0.614678
149.99	-1.59019
393.845	-1.76358
572.156	-1.45293
656.616	-1.19298
551.007	-0.993269
314.46	-0.803112
53.5858	-0.996866
23.8841	-1.70741
24.547	-1.37245
19.734	-1.12329
16.7956	-1.10125
20.5474	-1.34197
25.386	-1.37249
28.6732	-1.29706
16.7203	-1.11753
15.0203	-1.11311
13.6172	-0.905121
16.6093	-1.16442
15.3047	-0.827545
15.1943	-0.946326
15.3769	-0.949082
14.9248	-0.83188
223.298	-0.558292
178.027	-0.832864
151.21	-1.86717
228.334	-1.67419
364.068	-1.19344
366.218	-1.13406
337.833	-1.48414
333.144	-1.65971
385.405	-1.50746
378.222	-1.38444
360.925	-1.40149
313.998	-1.62983
169.085	-1.71821
73.7542	-1.54474
74.8923	-2.04497
83.0578	-1.95013
91.2825	-1.81859
93.3524	-1.74542
82.1375	-1.82332
82.9279	-1.76374
83.9648	-1.83998
76.864	-1.90849
71.2697	-1.8267
111.701	-0.725512
107.601	-0.5034
27.7985	-1.47177
105.91	-0.892975
255.782	-0.884756
353.995	-0.657042
389.521	-0.521314
407.839	-0.395209
434.004	-0.257012
495.224	-0.125602
546.07	-0.139226
537.893	-0.240647
256.722	-0.65846
159.49	-1.18792
375.669	-0.992028
352.936	-1.26294
306.639	-1.29722
262.993	-1.5028
224.839	-1.49048
199.567	-1.60402
180.371	-1.75684
209.879	-1.59591
162.551	-1.94205
173.237	-2.11133
256.197	-1.98392
346.969	-1.85416
401.761	-1.82626
384.635	-1.78634
301.926	-1.8572
145.057	-2.0256
107.405	-1.99536
102.77	-2.07706
110.572	-1.88177
62.8299	-1.8386
82.5696	-1.16791
333.02	-0.0133834
321.876	0.644276
335.79	0.718815
281.253	0.667965
327.122	1.00532
341.623	0.608981
403.752	0.712258
365.428	0.0531198
261.219	-0.650043
280.491	-1.59144
276.024	-2.19595
191.246	-2.12811
127.09	-2.05291
76.6447	-1.94416
60.9981	-1.91795
53.2692	-1.95189
54.7457	-2.03225
50.2581	-2.06915
57.3627	-2.14155
86.7544	-2.08793
96.0518	-2.34844
119.799	-2.32663
47.1702	-1.90878
193.784	-1.45159
226.66	-1.667
304.438	-1.90718
339.272	-1.70955
395.231	-1.60916
355.007	-1.83674
227.596	-1.93959
91.5841	-1.78125
24.7088	-1.69902
23.754	-1.44865
119.157	-0.608246
270.336	-0.661953
264.813	-0.758762
158.446	-1.31282
274.385	-1.68668
344.895	-1.77443
291.206	-1.74822
284.207	-1.88481
265.297	-1.86763
316.423	-1.79874
280.13	-1.96642
150.505	-2.15675
38.7228	-1.71271
18.7718	-1.4467
15.958	-1.10856
16.1871	-0.976542
14.6106	-0.819808
13.831	-1.00534
14.2296	-0.937363
14.5021	-0.966619
12.9224	-1.03867
13.1431	-0.930853
24.7362	-0.319506
120.216	-0.0253773
106.066	-0.698757
185.395	-0.0136704
101.387	-0.238481
79.8579	-0.281177
30.0329	-0.232498
19.7269	-0.415196
15.5831	-0.623043
17.3799	-1.06181
12.3208	-1.13222
21.0133	-0.978411
19.5062	-1.03383
19.5758	-0.751155
23.3666	-0.680996
23.3734	-0.611255
31.3311	-0.622946
30.4347	-1.03403
32.0868	-0.788676
26.7596	-0.996467
31.883	-1.1846
27.729	-1.2785
29.28	-1.0676
21.7124	-0.935609
25.0394	-0.914345
26.8881	-1.12104
21.9172	-1.11969
21.9683	-1.1342
21.631	-1.17893
18.1698	-1.10267
19.8936	-1.18803
18.5014	-1.09459
17.6963	-1.17457
18.184	-0.892419
19.3128	-0.848894
14.9891	-1.04566
14.495	-0.867694
15.4723	-0.743299
13.247	-0.955136
13.8233	-1.01213
13.5784	-0.829881
14.8667	-0.848889
12.8141	-0.933258
12.592	-0.889149
7.5567	-0.617029
11.276	-0.184578
13.7388	-0.238788
56.4509	1.02537
23.3219	0.599096
18.6122	0.331778
24.8091	0.880665
12.549	-0.122133
17.6186	-0.0613069
17.3298	0.311461
19.958	0.318982
21.7452	0.6639
29.9605	0.0696805
124.827	-1.64427
253.003	-1.65292
345.003	-1.77795
427.459	-1.95869
355.868	-2.05143
265.902	-2.01867
216.724	-1.60036
155.042	-1.63364
119.382	-1.46282
116.347	-1.29828
57.4182	-1.37124
51.2971	-1.23002
47.8234	-1.50411
43.094	-1.7914
42.4016	-1.88099
43.491	-1.89806
76.6096	-1.49554
192.142	-0.850372
178.651	-0.553194
161.394	-0.576827
117.747	-0.69839
84.4877	-0.636228
96.8463	-0.66381
121.064	-0.739141
142.071	-0.620249
172.507	-0.525458
248.617	-0.548286
408.249	-0.773582
519.381	-1.18303
451.916	-1.53381
431.693	-1.4196
376.167	-1.45395
303.058	-1.46068
151.766	-1.68482
67.5018	-1.87586
62.6516	-2.00812
71.0377	-2.09338
87.7137	-2.18518
96.6175	-2.22387
301.684	-1.70923
513.523	-1.12041
556.693	-0.818631
452.077	-1.0156
249.836	-1.00489
146.22	-0.592859
377.823	-0.325508
644.085	-0.975432
795.139	-1.63259
965.549	-1.58722
1039.17	-1.44168
961.865	-1.45265
825.699	-1.41596
671.021	-1.43189
504.484	-1.55723
368.871	-1.56217
302.342	-1.56765
286.024	-1.59104
327.607	-1.69257
399.412	-1.72727
444.586	-1.74735
533.78	-1.51405
512.676	-1.63778
540.44	-1.52318
557.097	-1.4357
539.229	-1.46098
541.514	-1.3282
498.076	-1.31897
501.824	-1.4333
509.602	-1.31948
474.056	-1.54837
368.55	-1.79305
328.342	-1.92004
338.348	-1.69102
307.283	-1.79732
196.821	-2.26098
164.799	-2.06832
134.449	-1.89952
98.32	-1.85589
70.0688	-1.6659
60.9212	-1.70482
46.3213	-1.71616
47.8277	-1.55148
46.1556	-1.56324
49.3096	-1.73606
55.4959	-1.80309
55.3111	-1.81728
44.4874	-1.83094
43.454	-2.07188
99.034	-0.987054
98.0429	-0.96981
264.583	-0.725664
469.596	-1.3515
567.144	-2.02511
516.153	-2.18753
489.476	-2.26981
465.346	-2.1587
346.866	-2.17086
135.698	-2.17538
40.8003	-1.96132
22.6872	-1.69109
19.0989	-1.5305
19.2473	-1.38594
222.078	-0.843412
215.294	-0.914475
100.586	-0.610139
357.053	-1.15371
533.354	-1.24672
529.242	-1.40162
513.122	-1.44598
272.346	-1.55678
40.2819	-1.76712
22.9846	-1.66669
15.0092	-1.61034
17.404	-1.30496
13.4774	-1.06008
21.0526	-0.662488
34.6523	-1.05895
14.6992	-1.0867
12.7245	-0.896156
12.3877	-0.838261
12.1107	-0.948507
12.2904	-0.948777
11.3374	-0.812615
10.2842	-0.849796
34.0248	-0.205591
266.213	-0.481013
459.625	-1.15864
776.159	-0.655512
540.383	-0.358358
123.344	-0.791388
30.2969	-1.48332
53.4427	-1.55959
52.8093	-1.62204
82.1425	-1.43523
172.914	-1.02551
278.747	-0.893056
354.326	-0.896972
368.555	-1.09597
329.689	-1.40064
234.967	-1.50106
208.366	-1.55013
219.142	-1.12349
202.065	-0.197569
240.997	0.220031
268.152	0.481
254.555	0.469448
281.612	0.678821
270.678	0.235075
251.922	0.131618
163.393	-0.383296
108.08	-1.3531
139.907	-2.10747
179.38	-2.08936
188.635	-2.06944
178.653	-1.99673
170.987	-1.92668
161.386	-1.65145
153.414	-1.29853
125.369	-1.23013
130.04	-1.37006
144.299	-1.62909
165.349	-1.85845
176.143	-2.12204
203.831	-2.07483
165.799	-2.16525
176.658	-2.02636
139.413	-2.0253
120.742	-2.07604
58.6072	-2.00446
23.0407	-1.51308
31.8776	-0.666409
19.4516	-0.95409
13.4615	-1.01263
9.93142	-0.974325
9.81466	-0.869758
9.84017	-0.659693
9.57687	-0.664644
8.89711	-0.81035
9.65622	-0.636833
9.09102	-0.662545
8.83684	-0.710124
11.0243	-0.711228
39.1246	-0.280915
81.8377	-0.69479
15.3236	-0.462561
16.0061	-0.688069
10.7783	-0.710728
8.47873	-0.512657
8.40118	-0.452464
9.32319	-0.494997
8.74178	-0.525323
8.61316	-0.382836
9.15719	-0.502169
8.98216	-0.551288
9.06988	-0.397563
8.71908	-0.402972
8.65474	-0.591112
8.68497	-0.536612
32.8598	0.815164
23.2214	0.341157
12.8443	-0.805827
22.2957	-0.975606
31.1667	-0.833682
34.202	-0.794008
33.6487	-1.05275
34.2885	-1.15186
37.3421	-1.23313
55.4884	-1.18378
106.279	-1.62029
221.108	-1.47084
329.239	-0.884132
552.749	-0.0802347
609.136	0.805427
606.408	1.70827
751.741	1.63267
894.659	1.63214
916.468	1.33756
879.238	1.424
844.884	1.22247
1052.43	0.983421
844.122	0.537525
513.491	-0.690284
453.627	-1.88746
392.581	-2.17948
683.98	-1.34272
584.203	-1.63049
492.804	-1.88196
497.812	-1.60987
441.003	-1.34844
322.804	-1.3096
246.276	-1.22815
157.317	-1.41039
152.891	-1.42928
175.88	-1.70636
102.279	-1.6768
71.3399	-1.50432
62.8253	-1.50781
57.9356	-1.48485
62.6091	-1.67871
74.2892	-1.5866
79.4191	-1.73341
76.4474	-1.81986
94.6279	-1.73509
106.439	-1.85148
100.867	-1.91942
115.232	-1.80894
137.403	-1.78691
285.347	-1.73705
583.387	-1.23673
827.435	-0.844811
789.858	-0.789828
741.996	-0.829193
612.541	-1.03718
385.661	-1.32407
185.364	-1.57504
161.436	-1.69895
162.526	-1.65077
146.809	-1.73662
104.075	-2.01554
74.2307	-1.84403
36.6862	-1.86232
22.2923	-1.50446
21.0791	-1.3522
27.5751	-1.17598
251.381	-0.512874
567.377	-0.779907
956.379	-1.10871
917.894	-1.26779
659.023	-1.67312
621.759	-1.6184
508.629	-1.90198
473.202	-2.11539
235.613	-2.45018
214.817	-1.58033
441.292	-1.69695
451.91	-1.98816
503.685	-1.80624
572.002	-1.70485
504.395	-1.74746
552.117	-1.62951
395.827	-1.75558
200.389	-1.95458
130.371	-1.78545
138.276	-1.7182
138.773	-1.651
137.359	-1.65302
318.508	-1.07874
753.848	-0.331697
695.932	-0.0785933
689.768	0.127733
609.403	0.258382
435.329	0.205785
235.253	-0.0103896
86.0717	-0.336757
42.4765	-1.27859
39.3536	-1.37521
288.336	-0.242388
421.026	-0.733454
396.831	-0.910585
921.673	-0.80711
1149.77	-0.952141
1140.68	-1.17463
1091.74	-1.24392
901.824	-1.34739
526.368	-1.62516
373.046	-1.74258
319.846	-1.72496
227.475	-2.13245
49.4123	-2.11181
29.4712	-1.68733
25.1996	-1.63431
22.1643	-1.69232
23.7337	-1.64316
20.3072	-1.52239
19.3296	-1.42013
146.984	-0.898104
223.718	-1.00948
84.7019	-0.720217
59.327	-0.628809
68.3449	-1.3755
230.967	-1.91913
661.216	-1.55821
620.3	-1.44556
567.367	-1.43691
495.593	-1.25
430.666	-1.2495
385.357	-1.31792
333.259	-1.24879
275.494	-1.35908
256.959	-1.36101
236.597	-1.44014
282.112	-1.53349
413.302	-1.44383
563.673	-1.44673
524.002	-1.63541
697.598	-1.20969
602.251	-1.59665
387.984	-1.79572
143.375	-2.09739
97.8274	-1.85196
73.795	-2.07786
68.4112	-2.0491
49.6962	-2.06205
43.2825	-1.82867
69.3771	-1.47833
180.903	-1.0004
340.304	-0.488576
358.685	-0.24294
303.53	-0.287134
159.603	-0.819374
114.897	-1.40946
140.699	-1.29267
167.676	-1.19909
186.318	-1.25583
185.82	-1.17592
178.491	-1.15716
163.39	-1.28738
143.003	-1.33518
137.717	-1.19352
208.828	-1.04487
221.759	-1.03888
306.754	-0.948538
256.146	-1.13605
238.513	-1.02593
231.109	-1.09658
186.927	-1.4095
103.597	-1.44074
33.3647	-1.22345
15.2934	-1.46129
14.4921	-1.25819
14.6349	-0.863918
12.6406	-0.743791
13.9174	-0.918754
10.9648	-0.760288
11.4773	-0.731408
11.5062	-0.943038
12.1557	-0.613433
12.8505	-0.492002
14.3452	-0.546728
12.6782	-0.498366
13.5212	-0.546095
14.2015	-0.803828
14.0222	-0.778195
16.4356	-0.62334
15.749	-0.696995
14.8977	-0.747203
14.3151	-0.705258
14.7327	-0.677118
24.139	-1.43325
54.3486	-1.69267
67.5865	-1.85971
71.6406	-2.18798
73.4916	-2.32173
110.513	-2.25179
126.794	-2.11821
146.597	-1.8404
142.588	-1.78146
563.523	-1.51803
474.8	-2.01661
538.765	-1.9782
583.28	-1.83061
606.611	-1.70745
511.064	-2.06803
538.236	-2.07283
490.057	-2.22426
380.835	-2.05203
256.452	-2.09312
145.832	-2.18045
47.8799	-1.92683
32.1258	-1.71617
27.8229	-1.62479
165.089	-0.143787
316.757	-0.29522
405.064	-1.21965
515.597	-1.11669
393.361	-0.822408
800.283	-1.2612
736.696	-1.86744
640.628	-1.79021
351.687	-1.83992
117.741	-1.91941
50.183	-2.10708
36.8536	-1.82202
41.3105	-1.76727
49.1082	-1.9939
87.4054	-1.75395
126.932	-1.93662
128.077	-1.92892
171.855	-1.70537
109.322	-1.68834
54.3098	-1.61423
57.7048	-1.70791
56.9888	-1.84189
58.9924	-1.74712
61.3708	-1.56629
67.2554	-1.04572
86.8421	-0.985693
399.999	-0.314317
296.044	0.389811
450.058	0.182618
514.195	-0.411223
440.047	-1.06837
323.568	-1.50286
297.53	-1.46906
296.664	-1.42025
239.266	-1.45143
124.804	-1.30752
78.6405	-1.6123
93.176	-1.51298
79.1012	-1.78661
64.7723	-2.03281
83.7078	-1.84953
73.4974	-1.83963
75.6862	-1.53822
133.336	-1.52246
342.508	-1.65178
484.224	-1.69017
496.151	-1.53064
462.044	-1.49727
397.034	-1.74917
389.178	-1.19639
490.704	-0.569315
660.1	-0.0778761
588.504	0.316736
636.984	0.419361
628.494	0.345886
560.729	0.196731
504.65	-0.351897
460.483	-0.812152
355.375	-1.59272
345.423	-1.64419
391.03	-1.74639
410.623	-1.73645
370.993	-2.00426
363.749	-2.05485
357.792	-2.02107
319.623	-2.08017
289.488	-2.01581
251.625	-1.87342
342.903	-1.14007
331.071	-0.395435
292.472	0.647141
273.75	0.666427
231.644	0.855664
199.32	0.74878
181.412	0.620997
180.158	0.751242
212.011	0.771435
200.081	0.619821
188.942	0.572376
200.445	0.710803
153.327	0.732882
164.404	0.303972
127.932	0.130782
81.8526	0.298079
73.0102	0.054268
64.8599	-0.626179
69.9363	-1.35337
48.6168	-0.983032
40.4439	-0.909883
33.6592	-0.985768
33.404	-1.01431
30.8416	-0.989401
21.9783	-0.723252
23.4735	-0.681011
19.7385	-0.692551
22.2145	-0.512709
18.9135	-0.647614
17.1539	-0.668677
16.9079	-0.595103
14.509	-0.54602
15.6366	-0.606502
15.4948	-0.700755
13.1239	-0.562212
13.5588	-0.621289
13.0876	-0.529408
12.7337	-0.624848
16.6524	-0.487645
22.6066	-0.551679
18.6653	-0.61036
17.2416	-0.594249
14.9756	-0.491624
15.6239	-0.548436
16.311	-0.730995
14.1496	-0.576222
15.0561	-0.74512
15.4529	-0.627865
30.6523	-0.299852
58.4034	0.467183
115.24	0.863965
168.263	1.01034
148.829	1.15696
206.252	1.2274
204.127	1.0899
267.977	1.09186
405.104	1.13007
436.763	0.816906
331.024	0.318006
274.386	-0.709988
160.499	-1.59826
141.913	-1.43455
130.524	-1.74979
100.784	-1.75897
79.95	-2.0353
60.5172	-2.09753
48.1075	-1.96891
46.9242	-1.95711
57.6163	-1.82408
68.0616	-1.94201
96.9575	-1.8548
112.867	-1.89995
242.612	-2.13047
401.412	-2.108
524.674	-1.87609
515.087	-2.17127
550.027	-2.08191
593.912	-2.00709
588.126	-2.18942
641.487	-2.02678
645.868	-2.10197
701.091	-1.98274
654.191	-1.9995
669.676	-2.00347
704.457	-1.86611
666.071	-1.96381
659.311	-1.91758
618.018	-1.8882
535.995	-1.89582
444.794	-2.01438
330.009	-2.10968
240.119	-2.04844
158.814	-1.99869
190.125	-2.13946
115.745	-2.05252
164.944	-2.00851
169.709	-2.17296
202.702	-1.81265
315.88	-1.78684
359.13	-1.80805
247.069	-2.05901
185.179	-1.7749
258.982	-1.11708
209.1	-1.42962
222.881	-1.45614
215.331	-1.5589
220.844	-1.23814
220.817	-1.14734
220.871	-1.16034
230.915	-0.965141
255.005	-1.05333
300.742	-0.954399
343.166	-1.13771
475.322	-1.38305
681.169	-1.23781
715.862	-1.29768
572.204	-1.59472
415.1	-1.56304
197.415	-1.60782
62.2867	-1.46453
33.4809	-1.55449
34.1961	-1.39212
32.9306	-1.26147
32.5642	-1.64927
57.3072	-1.97792
28.423	-1.64804
28.2376	-1.77381
236.489	-0.954067
381.901	-1.30816
531.255	-1.58619
652.91	-1.6416
589.228	-1.584
543.816	-1.88797
502.543	-1.77163
492.287	-1.13397
455.5	-0.17408
553.704	0.700294
472.567	1.15458
493.324	1.01684
451.532	0.56628
516.949	0.0120957
346.859	-0.670334
256.435	-1.24337
161.54	-1.47517
137.079	-1.39333
91.3224	-1.56984
48.3404	-1.65181
33.5629	-1.39055
37.3666	-0.739652
104.889	0.150704
266.886	0.10494
431.68	0.263235
538.979	0.304001
562.04	0.506428
544.003	0.835406
266.037	0.431938
132.861	0.402333
199.201	0.0803988
232.166	0.107419
264.421	0.263244
267.912	0.326998
235.435	0.228903
240.722	-0.759055
186.563	-1.23692
113.272	-1.37826
39.1228	-1.41062
28.2997	-1.11231
24.615	-1.14797
21.8415	-1.34818
37.6797	-0.686849
319.092	-0.297161
271.714	-0.805059
166.963	-0.702755
131.112	-1.45217
142.092	-1.54135
136.302	-1.49619
136.817	-1.30424
134.041	-1.23416
147.996	-1.113
205.204	-0.83375
186.45	-0.990083
199.852	-0.786554
203.997	-0.66378
171.879	-0.726636
149.143	-0.751375
135.041	-0.957243
175.493	-0.685669
133.549	-0.638019
87.6219	-0.887907
92.3897	-0.392987
84.3858	-0.984793
67.7152	-0.634815
63.0412	-0.987618
48.3948	-1.11178
41.8742	-1.38933
43.9846	-1.41745
34.7438	-0.927859
31.8615	-0.926565
35.239	-1.14836
42.9884	-1.51984
36.3159	-0.970128
33.049	-0.887978
27.9413	-0.830219
27.8336	-0.643051
26.7325	-0.872539
25.0391	-0.599028
19.6817	-0.556708
16.5599	-0.740891
15.294	-0.861635
14.6195	-0.660387
12.9839	-0.50209
14.2038	-0.813771
15.63	-0.759657
13.4899	-0.733463
13.6967	-0.653232
14.1519	-0.790512
14.4049	-0.806107
14.0091	-0.735154
8.99902	-0.528793
13.7977	-0.716845
17.1897	-0.511548
21.105	-0.488339
32.2744	-0.173482
16.9973	-0.574712
13.3687	-0.700477
12.2935	-0.67591
14.6185	-0.625383
14.6807	-0.893207
21.0187	-0.944877
30.2569	-1.17763
29.6066	-1.21797
35.3087	-1.12954
32.6814	-0.899021
40.7115	-1.07212
72.8889	-1.21864
87.9359	-1.86315
148.764	-1.50378
216.232	-1.15148
220.933	-1.42288
324.867	-1.37674
351.984	-1.75893
450.605	-1.60638
508.383	-1.4779
500.835	-1.57624
462.528	-1.77209
436.561	-1.76955
317.925	-1.7008
82.8363	-2.24204
39.274	-1.95204
35.3237	-1.96161
40.0839	-1.98129
58.6044	-1.9818
71.7284	-1.89769
90.7037	-1.99999
111.868	-2.15001
117.584	-2.20695
166.148	-2.08794
198.056	-2.12546
221.259	-2.27849
297.161	-1.94636
317.846	-2.09515
393.852	-1.96011
413.719	-2.13645
428.433	-2.27043
457.918	-2.33245
341.63	-2.65547
210.931	-2.53551
116.457	-2.09793
138.775	-1.26587
169.136	-1.05329
220.134	-0.581169
271.568	-0.0589212
239.022	0.473893
194.809	0.269106
257.378	0.735074
287.511	0.677193
284.036	0.695486
217.578	0.731621
258.263	0.800692
216.093	0.230585
55.0649	-0.197736
21.3947	-0.578175
20.7714	-0.397781
17.6172	-0.606644
18.4151	-0.554738
17.9281	-0.501218
16.1826	-0.624022
47.1197	-0.691264
344.471	-0.859823
130.922	-1.33749
122.573	-1.70951
174.69	-2.10027
182.849	-2.14371
205.831	-2.09986
164.208	-1.70055
45.0569	-1.26645
19.9225	-1.56318
152.551	-0.0266617
335.502	0.369904
245.774	1.13432
344.45	1.13502
402.7	0.098313
159.74	-0.941813
32.9515	-0.854374
32.2346	-0.346619
97.3019	-0.621846
168.82	-1.08398
119.478	-0.913143
80.8316	-0.829683
94.3685	-0.902793
100.599	-1.71665
90.9798	-1.67466
65.8538	-1.90535
81.8449	-1.79974
84.8686	-1.74131
76.0684	-1.89999
76.8014	-1.82445
66.4931	-1.80814
54.6652	-1.84294
42.1015	-1.59089
29.968	-1.50957
66.6668	-0.465312
466.779	-0.104497
432.693	-0.111215
215.32	-0.052755
273.556	-0.48431
334.456	-0.569148
308.867	-0.94939
253.678	-1.08638
74.6745	-1.5088
64.2237	-1.6786
82.1065	-1.89331
145.574	-2.13007
139.471	-2.19707
114.413	-2.19651
108.781	-2.28356
128.553	-2.16393
110.688	-2.37471
130.065	-2.30984
139.677	-2.31781
189.249	-2.16458
192.014	-2.36894
296.117	-2.01798
385.913	-1.96439
454.64	-1.95414
430.634	-2.07105
470.037	-2.10054
458.568	-2.16382
399.629	-2.39767
384.83	-2.46574
431.467	-2.19895
509.32	-2.02493
515.56	-2.25742
440.073	-2.34188
392.558	-2.19681
347.501	-2.24924
245.593	-2.35593
179.393	-2.35449
127.997	-2.36728
102.148	-2.34469
88.1993	-2.08323
71.8391	-2.14277
63.906	-1.95948
51.7027	-2.04425
41.9467	-1.86208
28.8169	-1.65406
28.756	-1.69652
50.3956	-2.12387
56.7742	-2.17041
63.2358	-1.9332
75.2946	-1.58578
79.6054	-1.33415
99.0488	-1.58154
161.673	-1.95286
179.089	-2.04857
190.936	-1.93599
166.482	-2.18402
136.26	-2.44272
109.416	-2.22515
95.4167	-2.17921
79.6652	-2.06154
79.5272	-2.13321
65.8127	-2.19969
62.0211	-1.93274
72.4655	-1.79549
181.181	-1.57767
143.122	-2.21307
174.971	-1.69883
269.712	-1.73196
240.669	-2.28863
242.333	-2.02567
253.91	-1.74789
228.786	-1.63125
349.169	-1.05505
329.406	-0.442579
297.368	0.254556
200.53	0.123309
85.8131	-0.0521082
38.052	-0.540848
19.4659	-0.974399
16.9824	-1.0467
19.4668	-1.13409
18.0918	-1.04224
20.0684	-0.979661
61.9926	-0.155722
293.758	-0.190429
192.095	-0.213846
144.102	-1.06312
180.34	-1.72816
257.466	-2.0379
284.32	-2.00311
235.694	-2.09476
154.685	-2.20527
122.935	-2.29784
141.299	-2.36517
189.75	-2.45108
272.186	-2.44665
337.507	-2.38987
373.965	-2.41549
331.681	-2.4884
278.108	-2.48866
183.187	-2.43569
197.414	-1.50062
143.679	-1.16244
88.5099	-1.11243
48.9972	-0.865193
35.4087	-1.144
80.1528	-0.758221
111.764	-0.833984
138.312	-1.51077
140.684	-2.25373
164.577	-2.26255
128.136	-2.45024
107.827	-2.45267
105.817	-2.40888
112.832	-2.36828
120.127	-2.3355
188.549	-2.36831
178.46	-2.30802
181.472	-2.39021
145.917	-2.08869
261.137	-1.18246
297.272	-0.425933
310.732	0.182703
166.569	-0.279732
30.0334	-0.467461
17.4898	-0.799433
20.0859	-0.689673
16.301	-0.762675
16.1895	-0.736665
15.6478	-0.783733
14.3224	-0.850381
26.6714	-0.463781
402.645	-0.436446
260.793	-1.23968
203.536	-2.02533
167.872	-2.27656
180.228	-2.20927
174.49	-1.18882
144.237	-0.109807
350.66	-0.276182
325.07	-0.319407
298.443	0.1658
239.306	0.663568
214.228	1.04366
215.69	1.21111
257.692	1.20543
357.228	1.15357
398.739	0.759052
445.24	0.229942
237.725	-0.156539
135.103	-0.504097
77.2642	-0.990308
66.8563	-1.32412
84.4105	-1.72864
74.47	-1.71288
68.7353	-1.2593
43.3098	-1.23573
44.0744	-1.18403
43.3504	-1.47818
118.746	-1.41453
162.473	-1.72107
120.932	-2.15506
143.065	-2.07206
164.603	-2.04132
121.171	-2.11909
126.247	-2.01024
115.923	-2.16666
117.543	-2.2532
95.1299	-2.35143
66.7816	-2.33069
79.4326	-2.21641
79.0524	-2.22893
74.1437	-1.93539
58.5436	-1.90361
55.7811	-1.70393
48.44	-1.97565
53.0186	-1.88005
43.7639	-1.49125
54.2293	-1.32571
72.3517	-1.19412
85.0695	-0.828582
111.975	-0.730038
162.603	-0.644715
143.27	-0.0516144
133.334	0.366062
124.666	0.124228
126.367	0.420796
126.218	0.303841
125.871	0.408048
133.809	0.0374711
156.369	0.0384681
150.706	-0.0562671
152.428	-0.050006
101.31	-0.234405
72.604	-0.117402
52.34	-0.441817
50.7518	-0.850179
38.7568	-0.901743
36.6627	-0.849962
35.0387	-0.598789
31.9833	-0.619004
33.2534	-0.695301
28.651	-0.678086
26.3171	-0.715613
26.4515	-0.619541
21.359	-0.755011
22.0259	-0.726857
19.2292	-0.821713
16.3271	-0.784017
15.075	-0.854311
16.988	-0.542937
14.4334	-0.675422
16.7997	-0.618102
15.6194	-0.874793
14.6844	-0.968849
14.2145	-0.786897
16.2949	-0.572887
15.5963	-0.707846
14.0582	-0.783855
13.9415	-0.650371
15.3948	-0.775548
14.2546	-0.575861
10.0231	-0.848551
15.5281	-0.881368
17.7004	-0.452199
16.7164	-0.463854
17.9615	-0.523003
16.7243	-1.04627
18.962	-0.909378
18.6599	-1.02622
22.2458	-0.849089
19.3872	-0.72549
26.5128	-1.2476
31.7487	-1.80671
31.1593	-1.79884
39.8771	-1.79909
50.7655	-2.18807
81.3203	-2.05344
86.9656	-2.23221
85.0024	-2.295
111.988	-2.03193
159.127	-2.22206
238.58	-2.25805
387.482	-2.02398
449.817	-1.92517
523.773	-1.94161
621.029	-1.82872
616.443	-1.81561
490.986	-1.94072
287.677	-1.88457
97.1046	-1.89623
120.639	-1.66506
173.001	-1.33997
373.829	-0.948019
518.136	-0.668306
550.474	-0.286571
421.973	-0.474489
416.72	-0.366765
437.009	-0.499967
337.689	-0.876722
438.07	-0.277883
414.403	0.257574
548.242	0.533974
433.122	0.848856
291.224	0.450925
193.468	0.354991
92.4619	0.114828
47.0848	-0.20192
25.3104	-0.634824
17.0202	-0.779008
18.9462	-0.519685
80.6072	-0.253559
110.775	0.0102214
153.881	-0.19209
241.848	-1.05444
377.602	-2.16385
550.981	-1.97081
502.347	-1.94243
396.006	-2.08495
330.729	-2.38843
392.291	-2.18577
380.092	-2.33459
450.845	-2.25932
488.142	-2.33152
493.271	-2.43242
395.454	-2.42375
311.498	-2.1535
70.758	-2.25723
32.9758	-1.89301
32.5866	-1.79143
26.9512	-1.64472
139.31	-0.877477
319.106	-0.939726
118.567	-2.08888
254.102	-2.2872
325.259	-2.02722
397.731	-1.57681
469.436	-1.20476
379.643	-1.03755
372.775	-0.825183
358.223	-0.986506
343.748	-0.756957
268.979	-0.820969
375.855	-0.0454273
486.415	0.273248
472.747	0.596055
373.215	0.836139
433.328	0.85027
395.119	0.762509
436.449	0.640913
451.81	0.513147
356.744	0.0778523
356.682	-0.79785
338.868	-1.66479
292.345	-1.96905
281.198	-2.07533
288.757	-2.10327
301.035	-1.88807
253.653	-1.91483
113.896	-1.88911
33.7476	-1.53214
31.5834	-1.58625
26.7555	-1.53915
29.0441	-1.52114
28.2211	-1.33886
152.785	-0.604363
292.761	-0.119258
324.483	0.0753521
442.76	-0.340082
599.174	-0.876695
623.998	-1.52243
533.533	-2.01279
506.836	-1.79727
423.296	-1.86026
275.187	-2.27666
224.897	-2.13217
154.49	-2.43149
118.146	-1.95375
69.8785	-1.89544
261.705	-1.76325
257.029	-1.76983
130.978	-2.11718
147.208	-1.88913
138.699	-1.70999
127.211	-1.65172
94.6326	-2.1203
105.16	-1.97651
109.631	-2.01964
127.005	-2.03197
164.378	-2.0159
209.296	-2.24828
261.603	-2.14635
306.503	-2.08985
313.179	-2.25229
315.895	-2.12064
268.539	-2.14144
258.988	-1.97959
198.054	-2.19109
232.046	-2.02776
228.118	-1.79963
160.439	-1.95041
112.735	-1.60075
82.3406	-1.20645
69.9443	-0.783048
52.3572	-0.881452
48.6107	-0.843406
40.9996	-0.645138
38.6442	-0.648232
33.0772	-0.519139
32.1227	-0.790452
29.6555	-0.988842
27.3335	-0.886125
23.7231	-0.988296
24.3108	-0.983486
24.8856	-1.02392
26.812	-0.823749
22.3073	-0.919574
22.4071	-0.93001
20.9959	-1.02979
23.2216	-0.788095
21.6268	-0.703074
34.4491	-0.787284
25.2923	-0.947231
21.7706	-1.03162
20.7676	-0.902403
23.4052	-0.962391
22.9728	-0.984151
20.6636	-0.863941
15.9177	-0.914707
19.2456	-0.710536
18.223	-0.737322
19.4729	-0.726996
19.0946	-0.808435
16.7538	-0.895579
25.3542	-1.06014
17.3239	-1.06201
15.8386	-0.875841
16.2876	-0.837527
14.4417	-0.753627
14.6439	-0.855583
12.8313	-0.833194
14.6615	-0.775082
11.0765	-0.583202
12.69	-0.946592
13.0006	-0.67518
16.2965	-0.349204
19.5371	-0.17759
13.5629	-0.488246
17.4441	-0.808877
22.0673	-0.973094
18.7929	-1.18848
18.1788	-1.06784
16.9164	-1.11853
21.9799	-1.49887
32.6362	-1.78114
32.2406	-1.67292
46.9997	-1.88502
58.8255	-2.02943
69.9129	-1.88378
83.2602	-1.89125
79.8456	-1.99993
77.9393	-2.19075
84.653	-2.12615
98.7742	-2.12858
110.363	-2.31077
340.762	-2.21006
417.118	-2.19289
421.837	-2.367
493.971	-2.24902
506.673	-2.29211
447.384	-2.30068
361.648	-2.20612
430.857	-1.14782
409.142	-0.343178
325.91	0.448318
343.471	0.378163
325.989	0.79271
277.706	0.634711
397.638	0.164156
391.736	-0.00739659
448.744	-0.297937
317.447	-0.992081
382.719	-2.61156
415.842	-2.75862
474.363	-2.4937
414.644	-2.5557
367.213	-2.51201
275.499	-2.51913
227.869	-2.54178
220.961	-2.50597
282.943	-2.37932
354.834	-2.49484
411.9	-2.46528
464.713	-2.43241
395.731	-2.4342
282.551	-2.15348
335.363	-0.784495
275.542	-0.216654
234.941	0.173731
259.16	0.493204
262.481	0.218764
247.096	0.517275
297.106	0.547415
368.467	0.323274
227.245	-0.299255
184.604	-1.36898
326.351	-2.55315
344.008	-2.56298
318.424	-2.27333
91.2454	-1.87904
36.9793	-1.73268
29.9343	-1.72993
118.868	-0.973215
144.152	-1.17597
66.3258	-1.187
135.289	-0.784688
150.844	-0.747954
154.429	-0.729098
165.951	-0.810832
176.433	-0.637656
145.791	-0.735261
136.895	-1.24265
150.816	-1.46468
166.797	-1.51438
235.188	-1.51806
302.07	-1.59705
343.453	-1.89655
325.843	-1.9625
340.014	-2.12246
335.434	-1.95617
327.952	-2.29476
310.354	-2.37941
341.815	-2.30006
353.512	-2.05953
208.529	-2.34609
56.6493	-2.09697
30.3754	-1.84344
25.8437	-1.86279
20.8561	-1.65823
45.8567	-1.20352
167.803	-1.13105
130.574	-2.13881
124.597	-2.09389
205.822	-1.90616
353.191	-2.13067
563.027	-1.80771
366.819	-2.15719
184.908	-2.34059
44.414	-2.21374
22.4061	-1.49898
18.9466	-1.51307
19.6575	-1.59747
18.9139	-1.65576
20.7076	-1.76741
23.7533	-1.63965
24.2585	-1.62819
24.4118	-1.82836
26.1193	-1.67025
33.3276	-1.52022
256.146	-1.08631
435.346	-1.70797
460.027	-1.86316
505.11	-1.85361
413.79	-2.07507
334.11	-2.00061
231.317	-1.95633
75.4629	-2.05922
71.2947	-2.17918
76.665	-2.14451
84.5213	-2.16944
78.8692	-2.06827
69.4507	-2.0108
119.091	-1.98945
157.818	-1.95769
192.973	-1.90826
206.114	-2.04604
216.664	-2.09314
207.983	-2.24758
268.735	-2.01201
273.696	-2.09346
278.829	-2.21606
274.301	-2.41762
174.195	-2.32263
49.8288	-2.05266
199.912	-1.86308
291.456	-2.26224
265.379	-2.20116
273.108	-1.98356
239.721	-2.0449
239.157	-1.95354
212.25	-1.83253
185.671	-1.73517
140.199	-1.7312
125.96	-1.86175
94.4232	-1.92691
84.3028	-2.11034
89.3773	-2.03496
70.8866	-2.06755
53.3533	-1.91357
43.0998	-1.9744
28.8264	-1.54242
21.4724	-1.34241
23.1827	-1.19568
22.5398	-1.18829
28.1337	-1.19644
22.6835	-1.05319
14.6888	-0.904089
15.4145	-0.739389
15.297	-0.768438
13.9367	-0.933853
15.6729	-1.04519
14.551	-0.896856
12.2065	-0.830146
11.9966	-0.857537
15.253	-0.83535
13.7336	-0.691991
16.3255	-0.498968
12.7385	-0.689669
12.6385	-0.672948
12.4333	-0.660838
12.1382	-0.772889
12.0444	-0.601075
15.525	-0.766183
14.3567	-0.771726
13.4838	-0.838887
18.494	-1.17654
18.9249	-1.16575
25.1219	-1.16617
23.885	-0.640398
18.4576	-0.568828
18.5491	-0.486638
13.1627	-0.715161
14.6658	-0.417537
14.2213	-0.586923
67.0807	-1.23045
137.4	-1.41641
68.7782	-1.24258
39.259	-1.50823
43.7438	-1.47269
102.568	-1.59718
170.774	-1.48617
220.866	-1.24623
228.215	-1.07028
252.112	-0.871726
305.48	-0.511228
235.31	-0.847703
198.388	-0.824027
126.109	-1.41483
47.009	-1.67055
50.1213	-1.78032
55.0046	-1.71256
82.1943	-1.699
118.219	-1.73107
228.484	-1.78643
324.887	-1.66724
299.72	-1.95907
359.13	-1.84661
319.871	-2.27201
308.948	-2.30455
280.24	-2.43956
234.719	-2.62277
183.038	-2.66805
124.86	-2.47561
123.381	-2.47265
146.159	-2.41323
168.715	-2.38895
240.621	-2.47935
330.025	-2.48744
392.676	-2.43881
516.957	-2.34459
433.775	-2.49491
418.59	-2.46454
223.997	-2.54574
90.2374	-2.36221
97.3167	-2.12434
76.6231	-2.35235
72.1906	-2.44977
69.0683	-2.34486
64.0322	-2.12084
51.3229	-2.1192
43.3153	-1.90327
37.393	-1.85015
25.4329	-1.5328
18.2851	-1.58124
17.4099	-1.18994
14.4594	-0.965163
15.7917	-1.02492
21.0382	-0.866733
386.175	-0.801701
216.512	-1.37066
79.6509	-1.71376
60.0935	-0.794367
55.5943	-1.01901
115.133	-1.4557
178.993	-1.71436
263.202	-1.76144
397.362	-1.9719
351.092	-2.04927
315.034	-1.96639
244.288	-2.0114
147.542	-2.29076
83.9841	-1.90673
58.7392	-1.75944
62.5395	-1.50076
54.0476	-1.6534
57.4428	-1.24172
42.4865	-1.68049
38.5473	-1.66793
34.8636	-1.45296
36.0444	-1.36016
47.9136	-0.960364
140.22	-0.0434674
216.658	0.987331
271.889	1.34496
419.82	1.35214
489.443	1.44334
550.819	1.17929
530.83	0.899875
459.319	0.48803
208.269	0.11907
208.303	-0.561636
127.717	-1.34016
150.781	-1.30531
152.013	-1.31733
150.366	-1.50497
147.851	-1.70194
118.567	-1.67048
135.525	-1.4325
168.739	-0.89237
169.383	-0.758506
165.132	-0.0351222
168.478	0.490577
137.077	0.578741
157.741	0.612696
153.761	0.869143
167.515	0.470532
141.987	0.612659
152.836	0.611225
137.688	0.460071
115.117	0.392735
106.125	0.445322
108.408	0.345554
100.635	0.0176627
85.1105	0.145337
74.6278	-0.0634301
65.65	-0.112893
58.7932	-0.276818
50.6295	-0.218674
52.5646	-0.241617
44.1409	-0.186424
34.8799	-0.243715
25.6698	-0.517101
24.3597	-0.457146
23.5067	-0.698099
18.6122	-0.969019
18.218	-0.90591
13.5087	-0.881362
13.9904	-0.657919
12.5964	-0.838439
13.2196	-0.810779
15.2967	-0.793062
13.6377	-0.717867
12.3456	-0.859972
12.7514	-0.741899
13.0839	-0.681005
16.3018	-0.668408
17.4819	-0.626247
13.7738	-0.696374
13.717	-0.792092
13.6472	-0.576524
15.4704	-0.495318
15.9248	-0.160462
23.14	-0.00652273
15.9122	-0.114811
15.0443	-0.492595
12.8649	-0.590373
13.435	-0.526416
13.2901	-0.754593
10.8989	-0.653214
12.6234	-0.796838
12.0441	-0.661108
11.6555	-0.871508
