0.713776	-0.474041
1.39786	-1.66021
2.27698	-2.90755
1.97234	-2.44521
1.91913	-2.4453
1.33888	-1.62188
1.21974	-1.15741
1.29005	-1.23739
1.31135	-1.33165
1.23495	-1.30642
1.55263	-1.74159
1.18513	-1.31504
1.86144	-2.23579
1.85008	-2.25616
1.66517	-2.01731
1.34202	-1.65654
0.000429575	-0.140027
-0.101872	-0.0579923
-0.305567	-0.231254
-0.523715	-0.32923
-0.478095	-0.483256
-0.134621	-0.431763
-0.231859	-0.447637
0.0141622	-0.566447
0.533093	-0.885556
1.31957	-1.63552
1.39678	-1.76566
1.17848	-1.39458
1.37435	-1.4332
1.16329	-1.04632
1.13207	-1.24205
1.34218	-1.68526
1.73281	-2.07642
1.23828	-1.57175
0.667878	-0.89779
0.266272	-0.322822
0.74138	-0.0822791
0.989728	0.24092
1.03663	0.319156
1.16372	0.704006
1.42028	0.750424
1.6365	1.12158
1.48113	1.11972
1.36908	1.02657
1.5319	1.03239
1.6412	0.97591
1.38489	0.840092
1.66959	1.15413
1.54981	0.851764
1.32282	0.475336
0.403182	-0.691035
0.614846	-1.13691
0.69462	-1.30828
0.578921	-1.24691
0.41763	-1.17658
0.28008	-1.119
0.243779	-1.21577
0.35565	-1.28653
0.453627	-1.28568
0.623367	-1.41086
0.843689	-1.51821
1.65288	-2.05858
1.97569	-2.24448
1.85727	-1.69562
1.28234	-0.803205
2.13072	-1.70413
2.32567	-2.54136
2.23541	-2.64386
2.4147	-2.97823
2.56706	-3.22461
2.49286	-3.10674
2.42789	-3.01433
1.86298	-2.22422
-0.0755861	0.176173
0.249423	0.338736
1.46933	-1.00958
1.01204	-0.820926
0.964287	-0.448555
0.863718	-0.542326
0.961142	-0.471223
0.939986	-0.478876
0.934128	-0.326919
0.401956	0.0759856
0.658391	-0.0297306
1.26669	-0.445828
2.09464	-1.28813
2.46594	-1.66745
3.13073	-2.70651
3.11905	-2.85195
3.44922	-3.6868
3.50594	-4.02719
3.49129	-4.12948
2.03682	-2.2607
0.78398	-0.819728
1.45768	-1.23989
2.93501	-2.33614
2.89721	-2.38035
2.58348	-2.06866
0.820559	-0.469503
1.43762	-0.865315
1.80643	-1.41955
1.25693	-0.778431
0.878479	-0.611703
1.72975	-1.22925
-0.0762117	0.00756873
0.111427	0.137378
0.402094	-0.557431
0.59839	-0.952491
0.679865	-1.26542
0.359757	-0.867487
0.523439	-0.864313
0.588899	-0.820722
0.516174	-0.544969
0.68065	-0.110862
0.900527	-0.0788565
0.895512	0.517621
1.06669	0.482692
0.988193	0.331806
0.749238	-0.0941597
0.41894	-0.279023
0.274376	-0.499279
0.122918	-0.784335
0.63912	-1.34993
0.396553	-1.09063
0.391625	-0.692926
0.311202	-0.804639
0.316945	-0.41967
0.229731	-0.0560426
0.360478	0.0403961
0.432153	0.119202
0.519853	0.341427
0.494862	0.574423
0.294923	0.227681
0.0619867	-0.2546
0.129351	-0.130649
0.381922	-0.48745
0.799907	-0.801965
1.28131	-1.27436
0.865204	-0.728223
1.26744	-1.00456
0.959136	-0.694626
1.11468	-0.647546
0.803715	-0.547234
0.71509	-0.408394
0.703064	-0.892575
0.42407	-0.76482
0.525357	-0.829064
0.557627	-0.926672
0.628163	-0.817597
0.861735	-0.87777
0.566761	-0.343515
1.1943	-0.473786
1.35384	-0.648833
1.74353	-1.03102
1.41869	-1.10446
1.51782	-1.17699
1.72781	-1.62073
1.51047	-1.26324
1.53437	-1.33177
2.00922	-2.15948
1.38928	-1.48432
1.7964	-1.65751
1.41708	-1.10479
1.24437	-0.807907
1.1206	-0.580966
1.19503	-0.795665
1.12536	-0.675317
1.13812	-0.655325
0.798992	-0.227589
0.98391	-0.321058
0.986637	-0.308858
1.08029	-0.395025
0.831655	-0.298967
0.977203	-0.413569
1.24005	-0.557648
0.912501	-0.352445
0.850937	-0.0320577
1.22196	-0.40918
1.03492	-0.26539
0.828271	-0.0654946
0.695794	-0.00213688
0.782783	0.000771667
0.972868	-0.0206746
0.92461	-0.190833
1.06797	-0.266717
0.946346	-0.186826
0.865934	0.164526
0.679918	0.853519
0.562547	0.635768
0.479064	0.59633
0.451988	0.524495
0.485671	0.797632
0.571606	0.68217
0.637737	0.740608
0.459846	0.490002
0.503221	0.601802
0.426026	0.479138
0.3806	0.273243
2.43027	-1.68895
2.50111	-2.1246
2.76671	-2.45631
2.67461	-2.18964
3.03988	-2.77221
3.221	-3.00659
1.73759	-1.27752
1.07576	-0.807989
1.8381	-1.18701
1.72774	-1.09958
1.18688	-0.320073
0.94241	-0.32116
0.948071	-0.30385
1.26121	-0.716658
0.75016	-0.257398
0.551167	0.0665647
0.688585	-0.180337
1.12042	-0.564384
0.914855	-0.304548
0.777132	-0.217419
0.881427	-0.282631
1.00661	-0.41818
0.917189	-0.447276
0.458151	-0.513692
0.3665	-0.606627
0.897164	-1.06822
1.2969	-1.46156
1.3569	-1.50458
1.96447	-2.12591
2.18226	-2.44579
2.68476	-3.11726
2.70237	-3.1277
2.60639	-2.96322
2.36136	-2.45945
1.7557	-1.63036
0.360671	-0.347681
0.571615	-0.24101
0.0821643	-0.110024
-0.24246	0.12786
-0.0953544	0.137431
0.870135	-0.484753
0.558533	0.0047622
0.755704	-0.267055
0.786394	-0.4667
1.03939	-0.67732
1.88461	-1.55212
2.71384	-2.52433
2.59048	-2.24576
2.35574	-1.97119
2.04799	-1.44334
2.48657	-2.29829
0.905622	-0.523326
0.701378	-0.374773
0.719478	-0.129416
0.543312	0.138291
0.690431	-0.0160525
0.625182	0.1623
0.723327	0.288376
0.691745	0.0774909
0.630449	-0.0424603
0.582716	-0.208171
1.4611	-1.24913
1.59273	-1.40889
1.67776	-1.7076
1.44256	-1.44039
0.787139	-0.704255
0.839125	-0.725997
1.35781	-1.30166
1.33656	-1.17414
0.879877	-0.0344653
0.97961	-0.276138
1.37307	-1.05108
1.6722	-1.58588
2.01905	-2.00149
1.87813	-1.87752
1.77305	-1.68287
1.75902	-1.48501
1.54406	-1.16334
1.59814	-1.21581
1.76845	-1.02466
1.63754	-0.941172
1.85152	-1.24197
1.81643	-1.17605
1.74314	-1.0675
1.78113	-1.33101
1.54156	-1.0017
1.56175	-0.987553
1.37953	-0.804889
1.37944	-0.697548
1.18956	-0.42225
1.12265	-0.244624
0.931992	0.0151559
0.832919	-0.0516631
1.02277	-0.30715
0.918038	-0.308366
0.970888	-0.30541
1.0257	-0.40379
1.0628	-0.713386
1.09908	-0.16177
0.997438	-0.165928
1.27774	-0.45296
1.07584	-0.183126
0.880837	-0.165294
1.00798	-0.489065
0.862208	-0.0797888
0.806066	-0.0221442
0.962749	-0.169061
0.649282	0.0805539
0.576841	-0.347106
1.67966	-1.20476
1.88912	-1.20508
1.49908	-0.599764
1.1333	-0.499773
1.0631	-0.593029
0.966453	-0.574349
0.642728	-0.297403
0.419713	-0.0275984
1.22093	-1.03692
0.843521	-0.749071
0.398311	-0.304639
1.18544	0.494589
0.908694	0.696026
1.78478	1.54432
1.28619	1.04849
1.30868	1.21612
1.31698	1.32333
1.04848	1.19346
1.10294	1.21026
0.712893	0.896927
0.426116	0.766893
0.108589	-0.00833569
0.979585	-0.900444
1.30677	-1.38352
1.44924	-1.50858
1.31052	-1.23594
1.78613	-1.62963
1.88855	-1.63782
1.91806	-1.49005
2.37342	-2.0792
2.18178	-1.68246
3.03698	-2.96938
3.18633	-3.2266
2.2968	-1.96956
2.2469	-2.02415
2.5781	-2.47421
2.28489	-2.2464
2.17053	-2.12438
1.92663	-2.04605
2.00821	-2.23504
1.65135	-1.55197
1.41306	-1.22276
1.81628	-1.81728
2.00039	-1.96109
2.05407	-1.97823
2.13589	-2.24337
2.23273	-2.15685
2.2261	-2.0804
2.01681	-1.772
1.73721	-1.61574
1.92116	-1.70005
1.90924	-1.69936
1.23881	-0.850826
1.71976	-1.96355
0.52634	-0.898896
0.0401424	-0.867921
0.531168	-0.965668
0.661912	-1.1014
0.773602	-1.02256
0.966798	-0.544228
0.696459	-0.369498
0.655787	-0.292547
0.931567	-0.739528
0.7045	-0.719889
1.31747	-1.46151
1.68193	-1.89927
1.39544	-1.56469
1.6014	-1.75636
1.18155	-1.16409
1.23153	-1.27847
1.90143	-2.19432
1.73967	-1.62806
2.10964	-2.25112
2.3936	-2.37088
2.23403	-1.99401
2.22055	-2.28231
2.48006	-2.76996
2.32569	-2.41908
1.20607	-1.06099
0.087996	-0.512234
-0.044718	-0.86096
0.0834493	-0.880718
0.561953	-1.15724
0.744045	-0.959247
0.837832	-0.349172
0.996262	-0.288844
1.0279	0.0441247
0.797976	0.313681
0.732117	-0.0404947
0.70081	-0.00377975
0.790139	-0.11793
0.843804	0.139462
0.975929	-0.363767
1.17542	-0.702723
2.39791	-2.41709
2.83742	-2.92368
2.94617	-2.86524
3.47184	-3.75338
3.49844	-3.90026
2.93208	-3.19664
2.34694	-2.344
2.22183	-2.16915
2.03107	-1.91073
1.88558	-1.88414
0.862741	-0.815791
0.414538	-0.658689
0.502315	-0.744975
1.08341	-0.752825
1.41228	-1.33399
1.04307	-0.906993
1.03134	-0.862684
1.07847	0.0438729
0.862647	-0.0488908
0.613227	-0.327286
1.18747	-1.10862
1.86493	-1.83399
2.40872	-2.22375
2.29932	-1.9723
2.4466	-2.18076
2.06698	-1.74962
1.97638	-1.49838
1.73672	-1.33417
2.3438	-1.96444
1.55391	-0.968208
1.49616	-0.882704
1.17888	-0.638771
1.09222	-0.681301
1.09742	-0.539387
1.41716	-0.893846
1.37621	-0.892124
1.00842	-0.377222
1.28528	-0.755594
1.10369	-0.607359
1.15413	-0.312427
0.977397	-0.132237
0.685721	-0.457167
0.801543	-0.620367
1.44573	-0.884544
1.1159	-0.566836
1.01747	-0.318313
1.19599	-1.08007
1.0715	-0.794603
1.01289	-0.467767
0.882499	-0.181591
0.998446	-0.243942
0.894691	-0.241225
1.08792	-0.367585
1.29847	-0.565744
0.948412	-0.157814
1.10697	-0.415497
0.870099	-0.087094
0.980667	-0.257043
0.920118	-0.1763
0.576131	-0.0147461
0.796182	-0.0435762
1.10781	-0.439364
1.1376	-0.470203
0.905262	-0.240735
0.821404	-0.122484
1.10231	-0.375964
0.964194	-0.296775
0.978927	-0.116948
0.81142	-0.224001
1.20132	-0.571549
1.28694	-0.617096
1.49584	-0.742449
2.06698	-1.47695
2.04079	-1.38291
2.00749	-1.36433
2.55963	-2.24043
2.69427	-2.2051
3.0514	-2.40078
2.96043	-2.39037
3.21867	-2.83786
3.06928	-2.78963
1.81122	-1.054
2.0769	-1.44911
1.64829	-0.848896
0.726582	-0.149728
1.04977	-0.464844
0.694705	-0.162561
1.29518	-0.574154
0.748995	-0.314036
0.847658	-0.451335
0.68148	-0.197382
0.670696	-0.172332
0.581585	0.121009
1.08057	-0.00263021
1.30249	-0.314427
1.54106	-0.794487
1.1532	-0.849573
1.96238	-1.67016
2.50615	-1.95546
2.77745	-2.24049
2.41341	-1.69969
2.51455	-1.86021
2.87763	-2.6746
2.95034	-3.29564
2.74651	-3.19531
3.00417	-3.40977
2.72487	-3.17131
2.10963	-2.07445
1.75168	-1.40919
1.51002	-0.696605
1.42576	-1.05352
1.92109	-1.37081
1.23051	-1.06296
0.437358	-0.876378
-0.00834167	-0.821549
-0.00663369	-0.666659
0.334089	-0.978787
0.0703699	-0.690582
0.14851	-0.429127
0.281698	-0.114667
0.578094	0.309599
0.678202	0.463415
0.743675	0.676326
1.22185	1.04289
0.704571	0.727452
0.853651	0.972272
1.0323	1.13414
0.541748	0.405225
-0.151255	-0.360581
-0.186854	-0.690408
-0.20455	-0.65751
-0.0190837	-0.878975
-0.117435	-1.22766
-0.0652055	-1.10441
-0.185945	-1.06346
-0.151845	-0.971392
-0.0939808	-1.13893
-0.263792	-1.02525
-0.115159	-0.954949
-0.129927	-1.09126
-0.179608	-1.06525
-0.19964	-0.90258
-0.0951766	-0.95747
0.183229	-1.14784
0.42638	-0.953772
0.269083	-0.854954
0.484871	-0.636233
0.855579	-0.791414
1.36272	-1.26863
1.60575	-1.3262
1.7617	-1.45042
2.4388	-2.44945
2.4409	-2.60632
2.90249	-3.29488
2.76247	-3.088
2.22651	-2.65324
0.768689	-0.563339
0.710793	-0.441421
0.616175	-0.150584
0.834962	0.253986
0.675147	0.156025
0.933001	0.590792
0.951018	0.421911
0.755664	0.262598
1.00248	0.0449201
0.986003	0.398454
0.987429	0.244269
0.879645	-0.15784
1.05372	-0.833254
1.16681	-0.662143
1.84572	-1.29621
1.50888	-1.3502
1.34642	-1.56152
1.13373	-1.25496
0.521019	-1.02459
0.15635	-0.865216
0.0348638	-0.703612
0.144508	-0.805628
0.331216	-0.854411
0.616196	-0.736161
0.609121	-0.555773
0.762805	-0.573951
0.836749	-0.576076
0.80344	-0.660724
0.757629	-0.453774
0.887927	-0.486964
0.770307	-0.610182
0.783215	-0.640465
0.799078	-0.442524
0.819103	-0.507536
1.39397	-0.872186
2.00499	-1.84711
1.04864	-0.89235
1.21698	-1.19711
0.388115	0.0481366
0.391952	0.110645
0.572916	0.0894416
0.568574	0.194188
0.972011	-0.68489
1.54722	-0.961705
1.26166	-0.993827
1.39915	-1.04991
1.41842	-1.18828
1.37323	-1.09902
1.15105	-0.738695
1.36555	-1.17597
0.769791	-0.803949
1.01152	-0.689878
1.35413	-1.22073
1.99773	-1.9952
0.744067	-0.704215
0.184708	-0.366864
1.57491	-1.08643
2.28024	-2.03738
1.40193	-0.730346
1.29924	-0.58733
0.861308	-0.719426
0.986296	-0.868586
0.902925	-0.914568
0.441209	-0.737962
0.110413	-0.374489
0.215191	-0.055311
0.702659	0.144172
0.62904	0.290807
1.03253	0.788928
0.818156	0.685603
0.808773	1.06041
0.46339	0.55341
0.232182	0.357691
0.181223	-0.139111
1.47702	-1.38553
1.39908	-1.33073
1.82204	-1.85024
1.47174	-1.37812
1.86862	-1.79259
1.8265	-1.50715
1.81739	-1.7433
0.427752	0.0084935
-0.018368	-0.0361573
-0.332407	0.0500843
-0.0948396	-0.116103
0.106689	0.385711
0.364296	0.753491
0.676049	0.571506
0.234279	-0.348954
0.886272	-0.827433
0.746727	-0.346324
1.04502	-0.721162
1.56936	-1.65341
1.27359	-1.26446
1.90006	-1.81285
1.98015	-2.07869
1.91984	-1.93847
1.96603	-2.23384
2.0419	-2.32398
1.63026	-1.40225
1.68989	-1.85574
1.77886	-1.90487
1.42961	-1.54797
1.60627	-1.74059
1.35817	-1.36165
1.23135	-1.12257
0.375556	-0.316058
-0.310321	-0.0326894
-0.341718	-0.539694
-0.113973	-0.561884
-0.147265	-0.513041
0.49591	-0.780537
1.81096	-1.93831
2.80353	-3.02827
2.81786	-3.18091
2.41385	-2.6962
2.55176	-3.02765
2.76309	-3.00625
2.94039	-3.25339
2.40919	-2.25774
2.39697	-2.30263
1.88303	-1.7862
1.39097	-1.169
1.08545	-1.18173
0.811845	-0.89647
1.2141	-1.26522
1.01898	-1.11904
1.2296	-0.781725
1.89637	-2.18452
1.78738	-2.13195
1.88872	-2.14621
1.81095	-2.06192
2.26148	-2.65416
1.0444	-1.02382
0.645955	-0.684649
0.0837387	-0.343566
-0.0976485	-0.125616
0.0860833	0.0919961
0.389671	0.195986
0.170552	0.156603
0.0762073	0.106288
-0.0335559	-0.0259603
0.198617	-0.266241
1.78516	-1.68494
1.59539	-1.59096
1.82077	-2.22961
1.95365	-2.66785
1.64632	-2.36129
1.31676	-1.871
1.03916	-1.60878
1.3004	-1.81216
1.91645	-2.21549
1.02622	-0.861968
1.1588	-0.944163
1.83729	-1.9428
2.01262	-1.84475
2.08532	-1.78052
2.67209	-2.69145
2.92906	-2.88301
2.85525	-3.07445
2.95802	-3.18798
1.66883	-1.34279
1.02926	-0.882337
0.978704	-0.827928
1.63959	-1.49709
2.26443	-2.42305
1.26946	-1.16301
0.531439	-0.298341
0.86834	-0.419589
1.14417	-0.769805
1.03852	-0.525451
1.10326	-0.547163
1.28847	-0.494997
1.67699	-0.533323
1.31864	-0.33057
0.797149	-0.103559
0.901165	-0.00770589
0.924839	-0.0445277
0.837249	-0.00764383
0.982532	0.623883
0.983476	0.310321
0.97098	0.0847191
0.723376	0.240292
0.688095	0.309533
0.706024	0.140381
0.928878	-0.157383
1.20379	-0.869133
1.11578	-0.380425
0.984449	-0.27499
1.02716	-0.391366
0.913797	-0.233515
1.06519	-0.346213
1.21297	-0.552548
1.24795	-0.509838
1.36735	-0.814659
1.25037	-0.400041
1.35272	-0.737912
1.41609	-0.790967
1.64913	-1.07129
1.51028	-1.03702
1.59367	-0.972654
1.52731	-0.841031
1.40256	-0.682949
1.67153	-1.08196
1.51359	-1.11156
1.58944	-0.747686
1.8104	-1.20252
1.75229	-1.11814
1.65961	-1.15422
1.58265	-1.04282
1.55609	-0.886244
1.74032	-1.2541
1.77487	-1.10866
1.629	-0.909592
1.59176	-0.96016
1.73201	-1.20898
1.49667	-0.753723
1.11508	-0.375537
0.998781	-0.170934
0.952064	-0.215322
0.82719	-0.034972
1.03532	-0.142449
1.05555	-0.351294
1.05471	-0.342543
0.728695	-0.013337
0.69367	0.0787948
0.823896	-0.0192454
0.840043	0.0816586
0.728557	-0.0886703
1.13371	-0.488994
1.18828	-0.609249
0.881346	-0.142844
1.1497	-0.688185
0.993406	-0.577123
1.05907	-0.947225
1.44496	-1.55988
2.0944	-2.66414
2.18919	-2.7218
1.98379	-2.35778
2.41263	-2.91796
2.55582	-2.9673
2.87874	-3.22285
3.20144	-3.07796
3.46837	-3.80174
2.2821	-1.64041
1.57815	-0.720681
1.74876	-1.07163
1.26718	-0.626905
1.01192	-0.525225
0.761645	-0.752593
0.7443	-1.15551
0.361377	-0.945466
0.292725	-1.01175
0.260197	-0.83643
0.397992	-0.670503
1.10783	-1.18741
1.22041	-1.22452
1.52962	-1.44367
1.5218	-1.3264
1.60548	-1.29421
1.73117	-1.37862
1.87751	-1.44523
1.83028	-1.42238
1.52304	-1.13373
1.93307	-1.52933
1.82424	-1.74865
1.5515	-1.44592
1.26192	-0.912233
1.13895	-0.459489
1.02641	-0.428989
2.25831	-2.01919
2.13479	-1.73579
1.98834	-1.34547
2.02543	-1.2918
2.6118	-2.16565
2.30078	-1.6725
2.41356	-1.86017
2.56716	-1.97129
2.63589	-2.23723
2.69437	-2.2084
0.338831	0.396157
-0.267995	0.429347
-0.132088	0.283911
-0.0266249	0.308473
-0.0342888	-0.0397187
-0.106403	-0.326894
0.129677	-0.390501
0.787461	-0.950334
0.828982	-1.03577
1.01587	-1.35458
1.00706	-1.3627
0.881628	-1.12754
0.42778	-0.717935
0.0705548	-0.495885
0.160208	-0.199267
0.470353	0.0169313
0.903792	0.317109
1.00893	0.671481
1.00507	0.812135
0.849126	0.260867
0.759395	-0.265193
0.700245	-0.205102
0.651774	-0.199358
0.718033	-0.381776
0.500891	-0.0679945
0.716484	0.182267
0.830491	-0.0348374
0.658402	0.288684
0.970962	-0.255088
0.930235	-0.475639
2.08168	-1.97805
2.43851	-2.32666
1.5324	-1.07952
1.93259	-1.6619
2.21778	-2.63927
2.54778	-3.08211
2.68007	-3.03467
2.8555	-3.16134
2.84354	-3.2253
3.03286	-3.54284
2.77585	-3.224
3.512	-4.22198
4.05194	-5.07299
2.26019	-2.46764
2.29139	-2.65735
2.45949	-2.98565
1.60353	-1.65803
1.06517	-1.04888
1.01819	-1.29526
0.827298	-1.26292
0.791047	-1.25334
0.440333	-1.05314
0.308408	-0.920069
0.982178	-1.15784
1.22064	-0.771246
1.2876	-0.94103
1.28908	-0.911537
0.920819	-0.333977
0.793824	-0.313499
0.898537	-0.329148
0.963079	-0.333251
1.2541	-0.0402229
1.44551	-0.348886
1.17521	0.253581
1.18841	0.950995
1.15743	1.04766
0.927463	0.892821
1.03889	1.19534
1.03287	1.07439
0.796223	0.787776
0.68689	0.91571
0.610606	0.700089
0.623084	0.671755
0.599725	0.843517
0.299513	0.693889
0.569898	0.766078
0.518458	0.894026
0.833176	0.352405
0.633243	0.562798
0.582319	0.22715
0.757302	0.0381034
0.790888	-0.00154315
0.858339	0.0260557
0.943905	-0.425535
1.03499	-0.39348
0.815225	-0.0968394
0.718476	-0.0332429
0.943806	-0.46247
1.01786	-0.493446
1.2398	-0.648007
1.06024	-0.353761
0.984532	0.00189902
0.952262	-0.071398
1.23069	-0.47746
1.02	-0.195775
0.977215	-0.423872
0.860622	-0.118645
0.84461	-0.156277
0.960605	-0.19666
0.641011	0.186777
0.528816	0.147622
0.161394	-0.734849
0.0923946	-1.07526
-0.363099	-0.994952
-0.3	-1.00296
-0.176403	-1.13165
-0.348891	-0.94096
-0.0626749	-0.866459
0.230332	-0.961853
0.193463	-0.606717
2.30156	-2.55649
2.50898	-2.94216
2.0352	-2.32865
2.0667	-2.5464
2.20939	-2.63736
1.9159	-2.42644
0.882955	-0.743615
1.19316	-0.766324
1.82413	-1.78413
1.63711	-1.60216
1.27323	-0.903675
0.591146	0.305329
0.942156	0.359723
0.533794	0.77626
0.143326	0.73931
0.308171	0.629324
0.112568	0.78374
0.372633	0.07843
0.0163127	0.0999233
-0.0965024	-0.0480487
0.821101	-0.22835
1.83725	-1.11192
2.10598	-1.37143
1.82936	-1.28432
1.90149	-1.39737
2.02927	-1.47844
1.34112	-0.907444
1.40214	-1.01543
1.23902	-0.952945
0.827827	-0.354238
1.11749	-0.991712
0.896935	-0.565849
0.974752	-0.598518
0.869478	-0.403159
0.861821	-0.334539
1.04014	-0.710892
0.729645	-0.387794
0.524921	0.0422186
0.923159	-0.132235
1.17907	-0.537233
1.09465	-0.46512
1.33092	-0.973782
1.63003	-0.905788
1.87247	-1.63759
2.25241	-2.36653
2.95443	-3.26008
3.08942	-2.80181
3.32448	-3.40357
3.29091	-3.66843
2.77181	-2.54139
2.19723	-1.40019
2.57334	-2.20856
2.58848	-2.16802
2.54043	-2.3294
2.24067	-1.95907
1.70263	-1.15825
1.10796	-0.621046
0.954883	-1.01583
0.426554	-0.741627
0.224751	-0.905494
0.119933	-0.931648
0.261659	-1.12864
0.327257	-0.891942
0.596932	-0.980488
0.812678	-1.0539
1.26448	-1.17905
2.06181	-2.05329
2.22536	-2.13151
1.72357	-1.62595
1.75255	-1.51796
2.21251	-2.13785
1.09524	-0.908312
1.24084	-1.02142
1.71207	-1.59879
1.74838	-1.80273
1.91806	-1.90598
1.20228	-1.04397
-0.0734289	0.263385
-0.281989	0.210019
-0.337659	0.249273
0.0584752	0.194953
0.165652	0.683725
0.440611	0.69971
1.0415	1.09305
0.912927	0.989736
1.15422	1.31971
0.829166	0.761744
0.47312	0.195909
0.634516	-0.287266
0.500329	-0.421242
1.14084	-1.20556
1.17176	-1.14144
1.18509	-1.20639
0.980516	-0.97712
1.04442	-1.06519
0.600646	-0.905689
0.201249	-0.548022
0.192557	-0.406817
0.298712	-0.154449
0.473321	0.231929
0.451812	0.0263
0.672281	-0.740113
1.0489	-1.18741
1.78865	-2.26936
1.87553	-2.42058
1.5878	-2.13478
1.05552	-1.54835
1.05131	-1.56358
0.941476	-1.45616
0.881709	-1.24562
1.36719	-1.51315
1.96237	-2.03041
2.74223	-3.01928
2.55348	-2.44985
2.52681	-2.31377
2.3825	-2.1366
2.34	-2.10126
2.245	-1.39173
1.22694	-0.675672
1.41912	-1.01918
1.38374	-1.08037
1.20633	-0.742815
1.34367	-0.97987
0.985205	0.132697
1.10405	0.184349
0.491915	0.574011
0.954539	0.81801
0.878472	0.955143
0.921324	1.17138
0.515141	0.839483
0.522441	0.597996
0.654544	0.926689
0.966538	1.23231
0.778696	1.15159
0.73453	1.16076
0.33671	0.754748
0.247915	0.679366
-0.2811	0.485828
1.55252	-0.913151
1.93103	-1.35417
1.80646	-1.0057
2.23839	-1.70833
2.88883	-2.75807
2.65909	-2.36571
2.56059	-2.01786
2.79448	-2.37656
2.56887	-2.12382
2.62267	-2.36336
2.42826	-2.47806
1.61704	-1.43964
0.698712	-0.295036
0.351801	-0.0148671
0.109106	0.103904
0.19293	0.236166
0.457322	0.826931
0.541845	0.933808
0.282572	0.749091
0.376588	0.682179
0.258397	0.204715
0.955503	-0.594012
1.71834	-1.46231
2.25355	-1.84968
1.17012	-0.613009
0.601422	0.0230125
0.358389	0.168096
0.837027	-0.0982202
1.04238	-0.492698
0.965055	-0.471802
0.861614	-0.701864
0.716104	-0.73052
0.718171	-0.275886
0.846344	-0.33924
0.943844	-0.337584
0.857363	-0.168772
1.18411	-0.28097
1.30575	-0.140338
0.725636	0.23499
0.833036	0.0547419
1.01679	-0.186018
1.46433	-0.909828
1.16158	-0.679241
1.04432	-0.728649
1.0044	-0.652578
1.02221	-0.873768
1.50615	-1.50636
1.93584	-1.92722
3.05406	-2.90234
3.07192	-2.50629
1.14234	-0.755895
0.67799	-0.404436
0.878424	-0.693709
1.12064	-0.799378
0.564952	-0.227466
0.461049	0.120415
0.503654	0.230906
0.763847	0.669028
0.675895	0.754666
0.907851	0.803348
0.7181	0.773896
0.641012	0.570811
0.691158	0.504801
0.629679	0.481658
0.686006	0.64596
0.526393	0.373554
0.748151	0.564653
0.7678	0.60085
0.359889	0.331334
0.14252	-0.0451937
0.299305	0.146276
0.402268	0.0102847
0.496869	-0.069533
0.527791	0.0205451
0.615177	-0.2975
0.89356	-0.42888
1.04255	-0.446192
1.14502	-0.508232
1.1705	-0.628393
0.929467	-0.499836
1.01739	-0.531927
1.04109	-0.468997
1.09368	-0.652856
1.06242	-0.632767
1.01634	-0.291517
1.1845	-0.367244
1.08378	-0.335064
1.08327	-0.367185
1.09152	-0.371738
0.943587	-0.455542
0.7698	-0.240856
0.568376	0.180821
0.900858	-0.282082
0.872549	-0.42501
1.03773	-0.218803
0.884761	-0.219129
0.922857	-0.249817
1.27517	-0.385304
1.12819	-0.457003
1.07779	-0.282647
0.936753	-0.531993
0.753289	-0.492369
0.628582	-0.434798
1.4809	-1.42297
1.07941	-1.11157
1.49611	-1.87406
2.02025	-2.59861
2.15869	-2.75958
1.70955	-1.79279
1.73206	-2.20004
1.58248	-1.84696
0.963402	-0.998889
0.898212	-0.775994
0.480371	-0.413981
0.503384	-0.471627
0.318342	-0.953896
0.273631	-1.10771
0.12047	-1.07905
0.0173415	-1.08475
0.145191	-1.16823
0.405364	-1.01084
0.347616	-0.366366
-0.0220068	0.0139599
0.532626	-0.398239
0.335803	-0.464359
0.539247	-0.560659
0.780874	-0.505552
0.581488	-0.198795
0.923232	-0.354541
1.38082	-0.841685
1.86836	-1.34706
1.25845	-0.668206
0.480725	0.433271
0.462848	0.48153
0.489561	0.285618
0.269482	0.269746
0.462756	-0.12974
0.291499	0.20909
0.593386	-0.601631
1.03966	-1.21758
1.47471	-1.64652
1.9877	-2.34848
1.63645	-1.9339
1.75016	-2.06795
2.01051	-2.32251
1.83615	-1.99428
1.11775	-0.60087
1.04045	-0.170034
1.28937	-1.0229
2.30415	-2.06536
2.78176	-2.16547
1.9606	-1.62049
1.94808	-2.07084
1.47679	-1.22554
1.28875	-1.0691
1.24857	-1.01838
1.34466	-1.12686
1.57445	-1.05146
1.34924	-0.952036
1.28769	-1.12806
1.10152	-1.18059
2.08725	-1.95022
1.9798	-1.79283
1.85719	-1.73887
1.61593	-1.58351
1.80459	-1.81208
1.95927	-2.0169
2.65377	-3.0718
2.70384	-3.35123
2.78999	-3.57362
2.90894	-3.67673
2.44274	-2.69896
0.909819	-0.87396
0.63147	-0.459082
-0.0926718	0.112733
0.168252	-0.0172831
0.157684	0.292222
0.587901	0.401889
0.501416	0.406384
0.68089	0.298037
0.383308	-0.0120763
0.447249	-0.0815001
0.678174	-0.783883
1.27882	-1.39612
1.45647	-1.44614
1.60454	-1.42787
1.02306	-0.544795
-0.0668299	0.300673
0.0623109	0.113072
-0.11788	-0.0867444
-0.0755754	0.0215269
1.04617	-0.568461
1.02642	-0.785043
1.37577	-1.22085
2.63403	-2.85094
2.53543	-3.0586
2.21681	-2.68998
1.93896	-2.34933
1.81905	-2.16184
0.508524	-1.14332
0.19962	-0.996446
0.0489923	-0.741451
0.170429	-0.917706
0.297116	-1.02789
0.610109	-1.05494
0.688158	-0.997602
1.08868	-1.24417
1.28633	-1.06624
1.79845	-1.54777
1.82575	-1.26588
1.962	-1.37553
2.61576	-2.39869
2.79769	-2.93346
2.59118	-2.65382
2.85937	-2.97921
2.95174	-3.06482
2.33668	-2.19839
2.09682	-2.01131
2.47976	-2.5593
1.85577	-1.54483
1.80002	-1.35458
1.55779	-1.09186
0.757981	-0.468851
0.609286	-0.554653
1.52714	-1.69456
1.94563	-1.95864
1.82126	-1.78178
2.04682	-2.11525
2.74386	-2.7972
2.2519	-2.35108
0.907981	-0.834592
1.42014	-1.07058
3.21089	-3.33409
2.90659	-2.83838
2.83408	-2.52322
3.22663	-3.04121
3.24448	-3.09651
2.6322	-2.37455
2.85026	-2.65484
2.49741	-1.73946
3.09452	-2.65321
3.09426	-2.74129
2.0196	-1.94596
2.11406	-1.89432
2.20467	-1.6065
2.73509	-2.16979
2.68811	-2.02963
2.75703	-1.96432
2.63545	-2.02266
2.5576	-2.01883
2.6453	-2.07929
2.23518	-1.92045
1.9276	-1.56374
1.75807	-1.4046
1.68672	-1.5697
2.77283	-2.57591
3.15592	-2.84805
3.37361	-3.57889
2.68444	-2.3973
2.81751	-2.58231
2.54401	-2.45277
2.18028	-1.77214
1.67587	-1.25655
0.776512	-0.201655
0.902366	-0.308921
0.804344	-0.0878787
1.02854	-0.333944
0.884327	-0.352958
1.02535	-0.450418
1.20301	-0.485564
1.085	-0.443043
1.06083	-0.366965
0.859822	-0.291329
0.898803	-0.274189
0.875588	-0.26104
0.780708	0.0136897
1.24331	-0.367461
1.21002	-0.424325
0.879372	-0.0336718
0.898462	-0.220266
0.991646	-0.197585
0.872947	-0.134218
1.21501	-0.442536
1.15307	-0.329865
1.3567	-0.863649
1.37567	-0.804317
1.61177	-1.16906
1.65457	-1.28569
1.19903	-0.80089
1.00579	-0.380151
0.99448	-0.33597
0.173645	0.0151275
0.351309	-0.200422
2.33202	-1.86524
2.79989	-2.47837
3.06455	-3.10138
3.231	-3.62578
3.67133	-4.1284
2.6595	-2.89437
1.49066	-1.72772
1.87422	-2.13809
2.43512	-1.93633
2.50211	-1.92562
1.79032	-1.17609
1.80861	-1.59019
1.27411	-0.887832
1.33471	-0.960879
0.805973	0.0673117
0.848602	0.43359
0.66355	0.182542
0.758794	-0.169496
2.26697	-1.63189
2.12133	-1.12659
2.48886	-1.68744
2.25888	-1.58091
1.9252	-1.23012
1.13577	-0.755463
0.920808	-0.615252
0.873394	-0.680614
0.272954	-0.261279
0.555229	-0.118404
1.91528	-1.043
2.90141	-2.71267
2.65997	-2.19068
2.01215	-1.39363
2.39287	-1.85391
2.96496	-3.10371
0.875659	-0.702609
1.1855	-1.08909
1.6754	-1.65501
2.79262	-2.81692
2.26994	-2.42641
1.50359	-1.59675
0.846408	-0.352802
1.22751	-0.964216
2.65918	-2.91538
2.76543	-2.99964
2.37334	-2.31855
2.18467	-2.06471
2.25707	-2.2454
2.24629	-2.24288
2.73144	-3.01102
2.70002	-3.00714
2.6228	-2.82753
2.23872	-2.33997
2.08674	-2.09948
2.1262	-2.11549
1.69713	-1.54763
1.76299	-1.36777
2.2873	-1.96535
1.69236	-1.14892
2.23339	-2.02364
1.87482	-1.49144
1.86413	-1.78358
1.80071	-1.81408
1.34932	-1.2948
1.1698	-0.974603
1.09237	-0.596198
0.723899	-0.243265
0.723563	-0.00441665
0.693457	-0.29824
0.7064	-0.353239
0.625846	-0.215971
0.871142	-0.314274
0.646347	-0.0764607
0.642056	-0.358685
0.907874	-0.365883
0.825652	-0.478097
0.968431	-0.969057
0.813946	-0.430257
0.801172	-0.419355
0.95061	-0.498452
0.760716	-0.400969
0.895804	-0.320167
0.931956	-0.339029
0.945975	-0.456527
0.801024	-0.298378
0.981386	-0.286969
0.9821	-0.33126
0.942833	-0.228966
0.855891	-0.430149
1.24232	-0.877619
0.903089	-0.470485
0.94208	-0.175822
0.958241	-0.265735
0.99186	-0.348503
0.860139	-0.113459
1.03704	-0.231273
1.0615	-0.245251
0.920512	-0.0101812
1.13084	-0.472264
0.867296	-0.0495841
0.939651	-0.158335
0.788029	-0.113854
1.04094	-0.404037
0.756975	-0.315291
0.953569	-0.229719
0.775327	-0.155005
0.8522	-0.0022716
1.02951	-0.232731
0.986284	-0.148786
1.04402	-0.331912
0.751751	-0.332212
0.77715	-0.242593
1.16465	-0.351025
1.22184	-0.535978
1.47729	-1.00034
1.44586	-1.05921
1.60725	-1.62536
2.03976	-1.90621
2.25136	-2.44024
2.06416	-1.86884
2.13577	-1.84571
2.38422	-2.11583
1.61975	-1.22931
1.20782	-0.555903
1.37689	-0.623179
1.95355	-1.34654
1.94074	-1.8381
1.97496	-1.47994
2.44406	-1.87883
2.98661	-2.86244
2.66693	-2.57205
3.36994	-3.92671
3.25956	-3.74169
2.41543	-2.63603
1.00865	-1.03293
1.34671	-1.15952
0.836049	-0.109076
0.887519	0.19578
0.742948	0.571599
0.793169	0.665129
0.442637	0.51897
0.545396	0.24131
0.543661	0.0123104
0.53547	-0.0950384
0.514396	-0.00377365
0.817336	-0.230544
0.620239	0.183433
0.73034	0.248158
0.977139	-0.299663
0.667076	-0.470013
0.441896	-0.126938
0.0131484	0.0117645
0.504821	-0.251345
0.0849191	-0.181056
0.273824	-0.508176
0.261588	-0.652132
0.163959	-0.746207
0.150671	-0.808441
0.116926	-0.818595
0.171799	-0.928508
0.419558	-0.956145
0.600435	-1.02515
1.12046	-1.37482
1.59042	-1.85033
1.3963	-1.3689
1.57455	-1.51595
1.96365	-1.88892
2.60572	-2.58498
2.04373	-1.55621
2.693	-2.31996
3.04224	-2.78317
2.96201	-2.48208
2.85288	-2.38267
2.35088	-1.90671
2.18647	-1.74234
2.6835	-2.43913
2.82434	-2.69664
3.01366	-3.03685
2.95328	-3.1625
2.67915	-3.02093
2.3803	-2.70573
2.62988	-3.0924
1.87784	-2.21511
1.72309	-2.15213
1.57212	-1.97157
1.47771	-1.86399
1.5478	-1.92327
1.54667	-1.8792
1.69382	-1.98758
2.26345	-2.52567
2.79369	-3.12567
2.03882	-2.00278
2.40398	-2.14411
3.0624	-3.06631
3.28621	-3.35315
2.81189	-2.65462
2.66883	-2.48328
2.50336	-2.12689
2.4955	-2.31902
2.27004	-2.06934
1.95402	-1.81248
2.29379	-2.27155
2.24259	-2.20416
1.90339	-1.72894
1.62923	-1.43525
1.84475	-1.77451
1.80484	-1.59785
1.8021	-1.19161
1.9357	-1.11345
1.71861	-1.28347
0.976223	-1.04113
1.76842	-2.22224
2.22289	-2.73514
2.16544	-2.66086
1.80851	-2.04845
1.99296	-2.2085
1.74056	-1.83006
2.02687	-2.16308
2.05308	-2.13257
1.96957	-2.11886
2.28457	-2.42938
2.16128	-2.10352
1.968	-2.06286
1.46984	-1.38854
1.04719	-1.14149
1.0395	-1.25376
0.98612	-1.16232
0.643488	-0.743454
0.808183	-0.90844
0.744793	-0.811343
1.13306	-1.25748
1.2227	-1.07889
0.965896	-0.938591
1.20854	-1.15859
0.815547	-0.848598
0.351644	-0.0711874
0.0045826	0.235936
0.346906	0.212666
0.487357	0.76691
0.802624	1.00364
0.615618	0.867417
0.604329	0.947427
0.705078	0.962926
0.630083	0.841954
0.506934	0.832575
0.294092	0.613786
0.399346	0.66722
0.479976	0.676188
0.518705	0.706162
0.25954	0.563752
0.145508	0.531134
0.750252	0.00299636
2.44522	-2.17796
1.83161	-1.58246
1.51291	-1.03818
2.40239	-2.03256
2.89528	-2.69839
2.47927	-2.01799
2.48579	-2.01975
2.68783	-2.26008
2.68965	-2.24584
2.81351	-2.42055
3.35681	-3.43263
2.08314	-1.52145
1.34628	-0.945609
1.5306	-1.21885
1.71094	-1.27652
2.4932	-2.46291
1.01782	-0.60964
0.683861	-0.68847
0.435199	-0.125131
0.175551	-0.110758
0.5752	-0.73955
0.473956	-0.851422
0.715986	-1.04249
1.10445	-1.20196
1.54376	-1.514
2.16358	-2.02625
1.96999	-1.48843
2.09978	-1.75442
2.3138	-1.90526
2.76089	-2.6762
2.9996	-3.14167
2.73533	-2.69515
3.00923	-3.21736
2.91356	-3.02781
2.68309	-2.67038
2.49499	-2.33293
2.44901	-2.44582
2.66812	-2.76085
2.71356	-2.98596
2.04956	-2.20885
0.674203	-0.576722
0.196571	0.041663
0.788016	-0.57485
0.973802	-0.862337
0.830523	-0.849803
0.759808	-0.856106
0.788314	-0.930371
0.753381	-0.98175
0.805469	-1.13465
0.715621	-0.992194
0.427691	-0.713861
0.441065	-0.467124
0.205081	0.0206064
0.326873	0.139294
0.637844	-0.0840704
0.754494	-0.10683
0.735853	-0.0386081
1.1244	-0.61014
0.973905	-0.622368
0.776486	-0.193443
0.768781	-0.0537344
0.845132	-0.37263
1.12084	-0.830558
1.00988	-0.772425
1.16561	-0.684856
1.20009	-0.532576
1.34345	-0.75764
1.36908	-0.875548
1.5461	-0.957061
0.871544	-0.0470489
1.36176	-0.859578
1.74226	-1.26836
1.4719	-0.979374
1.09916	-0.6443
1.31617	-0.776082
0.819962	-0.506133
0.8588	-0.531061
0.655819	-0.299059
0.933411	-0.26759
1.00297	-0.492124
0.876321	-0.122574
0.67646	0.24131
0.861615	-0.0530267
0.908535	-0.0319894
0.974137	-0.26021
0.607749	0.118011
0.778914	0.0426558
0.923168	-0.152821
0.795312	-0.106135
0.944849	-0.16419
0.968408	-0.299261
0.758424	0.0736683
1.08526	-0.268495
0.919096	-0.0582737
0.953883	-0.158999
0.783693	-0.0530692
0.818054	-0.199136
0.933671	-0.124086
0.863023	-0.204952
0.789759	-0.242249
1.03883	-0.621866
1.1285	-0.706102
1.17887	-0.884463
0.914245	-0.331656
0.813676	-0.30848
0.840097	0.0961401
0.786919	-0.103878
0.771021	0.258573
0.69965	0.139263
0.182101	-0.162563
-0.0818671	-0.575719
-0.179509	-1.10063
-0.360363	-0.675879
-0.394892	-1.06669
-0.323052	-1.03238
-0.21786	-1.02286
-0.233639	-1.18537
-0.238712	-1.28249
-0.0161417	-1.23881
0.350677	-1.18428
0.570887	-1.02989
0.893789	-1.22624
0.906397	-1.18997
1.06411	-1.35041
1.75901	-2.30988
1.9636	-2.46495
2.04921	-2.6572
2.13411	-2.80607
1.98193	-2.59142
0.824555	-1.5572
0.19334	-1.34629
-0.0122958	-1.29331
-0.177739	-1.07635
-0.340597	-0.694392
-0.336405	-0.68216
-0.280958	-0.470624
0.659044	-0.666474
1.42561	-1.64722
1.46078	-1.65636
1.34084	-1.42655
1.57811	-1.63952
1.32742	-1.20149
1.73499	-1.64066
2.02242	-1.90976
1.63825	-1.3501
1.44916	-1.34556
1.04223	-0.927763
0.265186	-0.745648
0.144891	-0.763364
-0.179237	-0.968102
-0.251061	-1.04778
-0.207029	-1.21974
-0.11225	-1.31654
0.0440733	-1.31721
0.282189	-1.238
0.535943	-1.16112
1.13967	-1.34368
0.875508	-1.01247
0.949782	-0.720598
0.994933	-0.960014
0.967146	-1.24492
0.880712	-1.18953
0.504518	-1.1188
0.258883	-1.17853
0.139766	-1.23971
0.0739812	-1.24973
0.108992	-1.16196
0.0821902	-0.942854
0.121483	-0.730847
0.124094	-0.561554
0.178268	-0.491291
0.248493	-0.396132
0.370182	-0.321702
0.376144	-0.304648
0.46229	-0.379859
0.584133	-0.509243
0.707658	-0.697355
0.665907	-0.620128
0.526393	-0.72742
0.0315242	-0.345682
-0.0682118	-0.152512
-0.179093	-0.0812457
0.430136	-0.249089
0.804234	-0.343256
1.19378	-0.350006
1.2273	-0.16499
1.57943	-0.680618
1.25154	-0.500523
1.76052	-0.981345
1.70722	-0.737665
1.63954	-0.993402
0.993581	-0.615877
0.827596	-0.487561
0.816533	-0.506052
0.867302	-0.161321
1.05633	-0.399864
0.790835	-0.286785
0.842982	-0.243996
0.916889	-0.207095
0.596126	-0.0552211
0.694808	-0.309339
0.916493	-0.561334
0.8488	-0.58161
0.193664	-0.0507035
0.284077	0.284286
0.609445	0.482747
0.676958	0.538502
0.438401	0.478992
0.372949	0.401866
0.363885	0.525665
0.269102	0.549085
0.321945	0.51723
0.171777	0.408196
0.21102	0.0511753
1.5684	-1.39476
1.74991	-1.50513
1.50383	-1.33053
2.05504	-2.05632
2.57432	-2.85073
2.49832	-2.68228
2.70118	-3.15269
2.50814	-2.87939
2.48927	-2.77429
2.24704	-2.06796
1.84716	-1.38063
1.94956	-1.41662
1.10321	-0.641474
1.23136	-0.932407
0.612605	-0.782417
1.77606	-1.7452
3.00229	-3.53669
3.44175	-4.23946
3.13672	-3.66472
2.18453	-2.10064
2.74676	-2.93137
2.65121	-2.81653
2.59327	-2.74916
2.46046	-2.61791
2.59011	-2.86037
2.50664	-2.78872
1.7686	-1.75183
1.50725	-1.5825
1.24109	-1.36278
1.02353	-1.22306
0.996842	-1.27887
1.23498	-1.53272
0.931339	-1.13763
0.178731	-0.161669
-0.399717	-0.128366
-0.0724508	-0.300747
0.307343	-0.26571
0.172074	-0.278074
0.553028	-0.313842
0.473846	-0.607357
1.01372	-1.19877
1.45501	-1.62762
2.16099	-2.30151
2.27573	-2.58427
2.08426	-2.34887
1.90979	-2.15204
2.07753	-2.4235
1.80564	-1.9695
0.582339	-1.03726
0.322902	-1.19376
0.11527	-1.22645
0.281456	-1.19005
0.700871	-1.48449
0.799773	-1.37154
1.16354	-1.07632
2.13878	-2.44379
2.66331	-3.28436
2.39601	-2.89812
2.17487	-2.53076
2.26617	-2.64363
2.32768	-2.56755
1.2808	-1.00874
1.21347	-1.21517
0.680696	-0.807495
0.685028	-1.14154
0.387545	-0.804745
-0.250802	-0.245441
-0.12284	-0.486132
0.0508321	-0.512082
0.497449	-0.0487136
0.82432	0.468824
1.35501	1.17525
1.42959	1.13996
1.39915	1.13023
1.45943	1.17458
0.705529	0.564544
0.386448	0.537534
0.398467	-0.0995233
1.71197	-1.099
1.74565	-1.45034
1.66415	-1.3207
1.8404	-1.51291
2.06252	-1.77754
2.24069	-1.95565
2.20422	-2.02871
2.37087	-2.51737
2.2731	-2.02554
2.38524	-2.1307
2.32885	-2.46727
2.06282	-2.13127
1.81134	-1.69292
2.16039	-2.07222
1.84071	-1.53667
2.01159	-2.04899
1.91909	-1.8861
1.76174	-1.69058
1.97057	-2.15205
1.19827	-1.05568
1.0538	-1.06736
0.666488	-0.87756
0.627215	-0.889138
1.27362	-1.13801
1.5968	-1.36554
1.89936	-1.67618
1.9581	-1.95211
2.05413	-2.42324
2.39501	-2.67642
2.02844	-2.15309
1.83575	-1.71083
1.55124	-1.53416
1.45177	-1.53528
1.40242	-1.27947
1.40696	-1.11749
0.740075	-0.551344
0.882429	-0.568585
1.20249	-0.636682
1.02989	-0.566874
0.836137	-0.352524
1.19044	-0.644231
1.03392	-0.361166
0.926517	-0.51094
0.757395	-0.59289
0.849169	-0.459599
0.790165	-0.323193
0.852164	-0.237542
0.83101	-0.320669
0.724439	-0.144233
0.83406	-0.139846
0.915984	-0.250208
0.882431	-0.0780404
0.897107	-0.334467
1.00268	-0.241768
0.751308	-0.30416
0.690623	-0.152722
0.896953	-0.099768
0.938549	-0.0881765
0.941889	-0.0244044
0.836889	0.102084
1.06598	-0.233036
1.25707	-0.683519
1.3751	-0.683366
1.65265	-0.944581
1.05953	-0.321546
1.02946	-0.332323
1.09176	-0.462695
1.26975	-1.04759
1.5202	-1.6241
2.20928	-2.75181
2.12649	-2.55612
2.07941	-2.22035
2.14815	-2.58532
2.36653	-2.83248
2.33847	-2.62823
2.37017	-2.80457
2.99134	-3.29091
2.47441	-2.39581
1.9653	-1.45753
2.12744	-1.68559
2.10295	-1.66161
2.48694	-2.25203
1.42584	-1.10261
0.167574	-0.19479
0.433666	-0.0865268
0.831564	0.550033
1.30695	0.904487
1.39668	1.0657
1.42887	1.14968
1.30115	0.999712
0.979343	0.676881
0.500798	0.364449
-0.150537	-0.0886244
0.723331	-0.434997
1.15568	-1.00435
0.997936	-0.960128
1.64628	-1.85942
1.31615	-1.25663
0.0841735	-0.061734
-0.184621	-0.00348132
0.205622	0.00909315
0.551705	0.325325
0.667907	0.739568
0.696366	0.697987
1.00158	0.809979
0.687511	0.403815
0.297815	-0.102113
0.762676	-0.786087
1.29684	-1.42284
1.25687	-1.20193
1.68288	-1.57797
2.07792	-1.93416
3.00936	-3.24819
2.52972	-2.58717
2.46299	-3.09167
2.44887	-2.92732
2.97913	-3.26774
3.86741	-4.41936
3.48384	-3.63476
3.04911	-3.12446
3.23556	-3.50664
2.91316	-3.30003
2.77619	-3.07449
2.68529	-2.84788
1.65598	-1.45884
0.695154	-0.425413
0.488949	-0.284981
0.792919	-0.389629
0.765404	-0.561972
0.679224	-0.374559
0.6129	-0.0770413
0.690271	0.217114
0.987099	0.290546
0.821427	0.0412478
0.739822	-0.123598
0.959815	-0.446258
1.05242	-0.392214
1.51517	-0.833241
1.22543	-0.523274
1.18118	-0.536703
0.62985	0.29197
0.547193	-0.0121045
1.31737	-0.872929
1.59127	-1.14678
0.141476	-0.711546
0.575241	-0.175567
0.531413	-0.0890431
0.880459	-0.467256
1.00242	-0.901053
0.837226	-1.04481
0.886493	-0.965175
0.550722	-0.763852
0.696575	-0.893799
1.06255	-1.22718
1.00123	-1.33544
1.11071	-1.4201
1.40869	-1.3567
2.76983	-2.97553
2.66479	-2.48629
2.61034	-2.23574
2.80147	-2.66879
2.53737	-2.6054
3.21123	-3.4725
2.53848	-2.2052
2.0781	-1.78774
1.92589	-1.76472
2.78839	-3.27209
2.96851	-3.52022
2.3847	-2.6416
2.48638	-2.88275
2.57221	-3.1274
2.92024	-3.69002
2.3026	-2.84073
1.86891	-2.18626
1.38982	-1.40905
0.210197	-0.769474
0.181819	-1.04393
0.481714	-1.41872
1.13654	-1.61767
1.68516	-1.85775
1.53776	-1.32118
1.8551	-1.69198
1.42237	-1.15738
0.843866	-0.83758
1.01885	-0.818228
1.11994	-1.0485
0.607591	-0.468346
0.649585	-0.423936
1.35441	-0.952939
0.830788	-0.468879
0.309298	-0.00864329
0.184672	-0.13674
0.285089	-0.0808485
0.756676	-0.404539
0.54782	-0.162305
0.358753	-0.0828677
0.844664	-0.714433
0.508524	-0.431532
1.05621	-0.900232
1.69261	-2.06501
1.7168	-1.88977
1.70293	-1.55149
2.41593	-2.32821
2.68395	-2.48876
2.53354	-2.13089
2.50349	-1.94629
2.90843	-2.52886
2.36121	-1.97323
2.51729	-1.99604
2.6583	-2.45973
2.11026	-1.75303
2.07523	-1.91436
2.22635	-2.05683
2.18313	-1.95273
2.38201	-2.2253
1.66946	-1.37378
1.65361	-1.46589
1.59806	-1.3375
1.36672	-1.17242
1.72024	-1.569
1.42232	-1.16412
1.85082	-1.89494
1.6962	-1.76926
1.21491	-1.04599
1.57886	-1.54517
1.37753	-1.35058
1.08736	-0.926153
0.698632	-0.414035
0.683461	-0.358528
1.12529	-0.685232
0.957606	-0.174668
0.896464	-0.119106
0.570265	0.494512
0.579463	0.353215
0.627471	0.13799
0.486431	0.20973
0.654265	0.156283
0.596262	0.162489
0.770329	-0.119687
0.996992	-0.0316817
1.15236	-0.301751
0.890141	0.173884
1.25417	-0.466178
1.10621	-0.343217
1.29763	-0.649505
1.3684	-0.700229
1.13341	-0.341573
1.41835	-0.455916
1.47272	-0.537513
1.38893	-0.568076
1.56285	-0.699701
1.19631	0.192273
1.35247	-0.362738
1.49137	-0.820068
1.80043	-1.04188
1.23947	-0.31023
0.857	-0.0120375
0.845744	-0.419454
1.04382	-0.706873
0.856257	-0.368828
0.848879	-0.308339
1.01236	-0.402808
0.817736	0.0605006
0.925097	-0.0514054
0.776037	-0.0307376
0.867192	-0.0370867
0.742657	-0.0112327
0.946833	-0.424998
0.899765	-0.0659701
0.767491	-0.114889
0.858821	-0.15136
0.926549	-0.268853
0.907448	-0.275403
0.962554	-0.358219
0.921629	-0.189734
0.427452	-0.504838
0.429682	-0.527013
1.83371	-1.18079
2.39284	-1.85479
3.18531	-3.0035
2.59798	-2.1555
2.28333	-1.77783
2.3069	-2.13864
3.04738	-3.52441
2.40224	-2.67749
2.55849	-2.50932
2.53177	-2.44128
3.29751	-3.83167
3.36434	-3.37732
3.50122	-3.89315
2.80388	-3.2066
2.465	-2.78154
1.56017	-1.59531
1.68371	-1.51135
1.75541	-1.55643
2.0988	-1.77712
2.48752	-2.06865
2.46976	-2.28114
2.85121	-2.79476
2.65214	-2.56626
2.58437	-2.53625
2.87354	-2.91303
2.97059	-3.0762
3.10994	-3.43239
3.21145	-3.68548
3.84947	-4.83774
2.00226	-1.51147
2.82752	-2.68655
3.15325	-3.2433
3.17164	-3.27677
3.07241	-3.1319
3.54232	-3.90938
3.62816	-3.93549
3.55595	-3.76541
3.52867	-3.64272
4.11865	-4.80794
2.84276	-2.62716
2.80484	-2.34899
3.30017	-3.54552
3.14144	-3.45139
2.59125	-2.69417
2.46218	-2.22386
2.72084	-2.5582
2.15032	-1.83975
2.3544	-2.24296
2.6173	-2.49026
2.69745	-2.72385
2.89571	-3.27505
2.99444	-3.55936
2.63312	-3.14364
2.50979	-2.9664
2.23503	-2.55393
2.33084	-2.58906
1.433	-1.30967
1.20245	-0.971153
1.50114	-1.28765
1.72545	-1.4358
0.578543	-0.13738
0.850361	0.019168
1.1528	0.211369
1.13306	-0.252791
1.72591	-1.53521
2.72198	-3.02543
2.46207	-2.29682
2.47374	-2.28365
2.1601	-1.59893
2.58683	-2.32271
2.77969	-2.73039
3.01151	-2.90425
3.03162	-3.17129
2.72358	-2.35143
3.39923	-3.54154
3.71096	-3.98187
3.5931	-3.78082
2.67538	-2.20882
1.80556	-1.61513
1.7975	-1.37906
1.76739	-1.24213
1.2339	-0.83255
1.34553	-0.842065
1.31635	-0.81222
2.14272	-1.84267
1.95759	-1.8548
1.94709	-1.98874
1.36917	-1.20052
1.43358	-1.20931
1.91279	-1.79487
0.87564	-0.849616
1.04914	-1.22867
0.940491	-1.01099
0.990146	-1.13774
1.00557	-1.24529
0.733527	-0.942455
0.745981	-1.01766
0.891743	-0.884416
1.42413	-1.40775
1.56236	-1.52429
2.0233	-2.44397
1.77221	-2.29156
1.50793	-2.02895
1.5271	-2.06622
1.35923	-1.92452
1.33601	-1.87481
1.44105	-2.02509
1.24772	-1.81434
1.43233	-1.97404
1.17591	-1.47699
1.2033	-1.23615
1.29292	-1.67603
1.16212	-1.52792
1.174	-1.32847
0.926116	-0.99551
0.766276	-0.832917
0.956109	-0.99275
0.718378	-0.884041
0.700066	-0.948447
0.649822	-1.09158
0.56991	-1.24547
0.440103	-1.39624
0.267111	-1.37361
0.0500241	-1.33656
0.199097	-1.34147
0.0738315	-1.00185
0.845267	-1.1497
0.756377	-0.783144
0.711783	-0.465142
0.750506	-0.561466
0.954679	-0.587284
0.926063	-0.392344
1.18808	-0.415499
0.830946	-0.274326
0.566572	-0.254752
0.660729	-0.32947
0.439272	0.327253
0.493243	0.663951
0.415904	0.435139
0.28076	0.569543
0.457145	0.623222
0.518568	0.546431
0.622465	0.622317
0.516203	0.574104
0.27719	0.160786
0.163299	0.280571
0.210825	0.251571
0.188184	0.263948
0.396546	0.266237
0.40148	0.800913
0.481327	0.820478
0.0867992	0.359165
-0.0162488	0.286766
0.169593	0.751141
0.156523	0.658564
0.165432	0.710742
0.109596	0.785643
0.220773	0.709693
0.146044	0.688404
0.241418	0.564904
0.158436	0.568201
0.210048	0.279071
0.224583	0.306174
0.447531	0.106729
0.405118	0.198919
0.712488	-0.089286
0.78383	-0.411947
0.8166	-0.380762
1.43551	-1.22228
0.943974	-0.425054
0.917633	-0.411953
0.953564	-0.529428
0.902351	-0.295639
0.820496	-0.259899
0.94931	-0.440486
0.968486	-0.326109
0.853328	-0.00361846
0.77418	-0.416178
0.963029	-0.140748
0.895804	-0.374389
1.06933	-0.367815
0.918179	-0.0709556
0.979256	-0.177028
1.16821	-0.39457
1.00014	-0.463037
0.891089	-0.207321
1.10081	-0.380768
1.23188	-0.457635
1.00185	-0.291458
1.00567	-0.0705043
0.837825	-0.0712058
1.05045	-0.452077
0.743986	-0.326174
0.9108	-0.210663
0.899596	-0.220864
0.960866	-0.139177
0.949114	-0.156325
0.863383	0.0757343
0.822171	-0.0927063
0.74681	-0.322101
1.62414	-1.26597
1.55792	-0.936433
1.43455	-1.15734
1.76677	-1.04609
1.77962	-0.964646
1.9597	-1.53813
2.37977	-2.48731
2.41644	-2.52347
3.04034	-3.3621
2.19518	-2.32716
2.16354	-2.24887
1.30416	-1.47024
0.626777	-0.678885
0.570503	-0.100891
0.8023	0.0710314
0.951061	0.250625
0.988159	0.72551
1.30129	1.2152
1.14561	0.868154
1.06467	0.467801
0.7589	0.171514
0.040056	-0.600776
0.352465	-0.566793
0.19251	-0.644112
0.334362	-0.719719
-0.0559734	-0.286232
0.0422647	-0.174361
0.0986814	0.226789
0.638566	0.712313
0.403419	0.394287
0.280989	-0.0523364
0.0229235	0.0973178
0.106053	0.265871
0.278527	0.203849
0.337341	0.367843
0.284645	0.389787
0.909077	-0.416844
1.31063	-0.774108
0.737393	-0.178364
0.245532	0.0591343
1.46492	-1.08608
1.34688	-1.00733
1.25463	-0.903786
1.47652	-1.05372
2.04016	-1.88162
2.87023	-3.38924
3.05998	-3.60429
3.05478	-3.48176
2.95907	-3.15142
2.82906	-2.8599
2.4715	-2.07154
2.18354	-1.75189
2.01598	-1.51302
1.6199	-0.750618
1.42329	-0.452603
1.48147	-0.206042
1.34922	-0.326012
1.64211	-0.623711
1.97454	-0.949434
2.17888	-1.31093
1.94325	-1.09858
1.91618	-1.09306
2.33534	-1.61804
2.26888	-1.49033
1.96896	-0.952869
2.01278	-0.690055
2.2266	-1.29207
1.74877	-0.752359
1.61025	-0.723426
1.86113	-0.947875
1.60809	-0.448916
1.82861	-0.803322
1.85958	-1.07307
2.00007	-1.34042
1.22799	-0.634429
1.64079	-1.29752
1.37923	-1.1618
1.3682	-1.49884
2.25555	-2.66228
3.12288	-3.33908
3.49928	-3.76582
2.41199	-1.76477
2.48626	-2.373
3.1544	-3.24803
3.12602	-3.12859
2.59507	-2.47326
1.57844	-1.37396
1.58415	-1.43004
1.35375	-1.2359
1.49009	-1.45133
0.849487	-1.01729
0.851074	-1.04289
1.08709	-1.31094
0.155754	-0.231225
0.0350485	0.0740509
0.283015	0.327393
0.515509	0.437122
0.462233	0.552256
0.531571	0.439621
0.615212	0.710673
0.476796	0.58102
0.231442	0.268977
0.229267	0.39279
0.197132	0.48688
0.629673	-0.0217004
1.64175	-1.33893
2.59678	-1.91842
2.66059	-1.91497
3.00345	-2.12011
2.87257	-2.18715
1.82218	-1.80609
1.88071	-1.89686
1.71728	-1.22496
1.79001	-1.45731
1.81751	-1.34737
1.83109	-1.1333
2.69613	-2.15478
3.37568	-2.82665
3.79508	-3.63454
3.71448	-3.64335
3.26183	-3.03536
3.32695	-3.06713
3.24358	-2.69941
3.45431	-2.94065
3.53575	-3.08492
3.43054	-2.7178
3.39951	-2.92898
2.89428	-2.25138
2.80292	-1.61623
2.70371	-1.91548
2.4608	-1.74558
3.00762	-2.78508
2.5429	-2.33836
2.36748	-2.49218
2.35321	-2.55954
2.07392	-2.41147
2.17095	-2.38799
1.84117	-2.12121
1.4872	-1.38288
1.74029	-1.71587
2.11867	-2.36399
1.92594	-2.07726
1.71187	-1.75262
1.72919	-1.89907
1.6744	-1.5556
1.56839	-1.53499
1.85692	-2.21509
1.66379	-1.73114
1.60952	-1.75888
1.61394	-1.8786
1.37891	-1.49475
1.50102	-1.6569
1.34302	-1.36306
1.22784	-1.0139
1.24089	-0.766389
1.21341	-0.719278
1.20707	-0.763178
0.976906	-0.524041
1.31427	-0.700692
1.21505	-0.676565
1.31179	-0.786511
1.37759	-0.732039
0.745098	-0.063406
1.04039	-0.291643
0.979877	-0.356418
1.13461	-0.487598
0.780879	-0.0860082
1.16563	-0.67356
0.933665	-0.243883
0.892878	-0.0169115
0.897191	0.129769
0.621074	0.268336
0.59792	0.292587
0.464009	-0.0423213
0.532084	-0.210978
0.264083	-0.0904058
0.511944	0.0656433
0.578219	-0.328868
0.528581	-0.211851
0.818851	-0.370415
0.57838	-0.231379
0.525068	-0.234464
1.29782	-0.649045
1.32714	-0.99929
1.07669	-0.804135
0.976876	-0.62089
1.89311	-1.53106
1.32942	-0.97
0.0323241	-0.784793
0.190817	-1.00625
-0.0528943	-0.917874
0.0858383	-0.784938
0.298523	-0.67376
0.257048	-0.776044
0.599618	-0.907218
1.17308	-1.24214
0.883772	-1.01647
0.501065	-0.673636
0.419358	-0.550053
1.12684	0.221671
2.62676	2.18678
2.89753	2.42174
3.10376	3.18102
3.16863	3.18406
2.6948	2.48338
2.26163	1.87341
1.5607	0.732409
1.52543	0.565775
0.877003	-0.934147
1.95949	-1.98796
2.05043	-2.05542
1.86948	-1.76003
2.27041	-2.16663
1.83818	-1.69072
1.59536	-1.42113
1.50537	-0.95289
1.66961	-1.29443
1.52803	-1.19453
1.4275	-0.845981
1.60422	-1.10625
1.62123	-1.38497
1.59848	-1.50907
1.13033	-1.05024
1.19736	-0.994044
1.55213	-1.18878
1.91701	-1.51366
1.88387	-1.47332
2.15053	-1.91732
2.21818	-1.99821
2.50255	-2.11232
2.35985	-2.14115
2.46964	-2.14765
1.51171	-1.05337
1.32644	-1.0105
1.65305	-1.46219
2.07784	-1.72623
2.07237	-1.66779
1.77779	-1.71677
1.17413	-1.15159
1.17121	-0.934458
0.751097	-0.470888
0.709469	-0.384584
0.533844	0.00722606
0.984999	0.685135
1.06993	0.53118
0.880221	0.342566
0.596579	0.41937
0.624575	0.225357
0.869539	0.286812
0.906936	0.197406
1.04843	0.134937
0.727271	-0.904845
0.659217	-1.43822
0.142333	-0.89562
0.0505869	-0.722239
0.342254	-0.538262
1.4412	-1.32795
1.92958	-2.0527
1.31385	-1.37293
1.35104	-1.4881
2.0948	-2.49157
1.98553	-2.16703
1.08356	-1.04056
0.478974	-0.470435
-0.110214	-0.272512
-0.385168	-0.398963
-0.168576	-0.464366
-0.286084	-0.422512
-0.343851	-0.427628
-0.00508953	-0.658461
0.178138	-0.562098
0.58514	-0.971471
0.623095	-0.892514
0.967849	-1.03206
1.01688	-0.797937
0.528437	-0.374948
0.707167	-0.328352
0.188559	-0.100177
0.426772	-0.364812
0.587788	0.136736
0.516992	0.126869
0.623534	0.0151318
0.535846	-0.305729
1.28943	-0.960478
1.74838	-1.40776
1.18173	-0.810368
0.718571	-0.372637
0.293474	-0.0784255
-0.128227	0.226332
-0.23809	0.496814
1.12939	-0.61986
0.966446	-0.543979
0.681396	-0.334535
0.654164	-0.353037
1.25649	-0.821893
1.43128	-0.847297
1.41171	-0.81567
1.09844	-0.610794
1.27382	-0.772748
1.0146	-0.599344
1.28229	-0.912679
1.05859	-0.436491
1.13968	-0.484623
0.952284	-0.412197
0.686151	-0.137376
0.53446	-0.159645
0.477792	-0.25289
1.3113	-0.619227
1.13101	-0.895041
0.469973	-0.455634
0.461346	-0.429238
1.03791	-0.850404
1.49659	-1.38934
1.3668	-1.3319
1.17911	-1.11957
1.21228	-1.07224
1.72841	-1.6941
1.83465	-1.65914
1.46497	-1.29517
2.90773	-3.60392
2.7091	-3.33392
2.55066	-3.2139
2.24416	-2.66515
2.56073	-3.25424
2.39598	-3.00092
2.55902	-3.22365
2.65297	-3.35247
2.22708	-2.55481
0.0967962	-0.202864
-0.140921	-0.180561
0.916388	-0.526719
0.608696	-0.513996
0.805204	-0.912506
0.581362	-1.14785
0.425999	-1.18745
0.29108	-1.13067
0.240762	-1.13101
0.166687	-1.02125
0.258159	-1.02084
0.395631	-0.973783
0.732246	-1.12806
1.32103	-1.40681
0.810811	-0.680804
0.919308	-0.600201
0.80878	-0.470953
1.01124	-0.62417
0.755442	-0.20902
0.96288	-0.512372
1.28147	-0.897212
0.994176	-0.764286
1.59171	-0.920639
1.84543	-0.642438
1.80784	-0.7873
1.77139	-1.10537
1.84952	-1.27432
1.75674	-1.22519
1.92427	-1.57044
2.54371	-2.48948
2.60734	-2.65554
2.81047	-3.00954
2.51812	-2.73221
2.15956	-2.32013
0.78572	-0.767625
0.249721	-0.10205
0.213229	0.268237
0.13631	0.477164
0.392694	0.673873
0.715925	0.994062
0.613394	0.631523
0.68952	0.945291
0.171406	0.729473
0.444138	0.605154
1.60898	-0.944027
2.88129	-2.50851
2.62317	-2.41019
2.17109	-1.84985
1.49644	-1.00636
1.10547	-0.264429
1.28024	-0.750303
1.48939	-0.943947
1.65894	-1.29831
1.97721	-1.85454
1.89593	-1.52822
2.57591	-1.90786
2.57745	-1.27638
1.84846	-0.694908
1.79477	-0.988014
1.59541	-1.03669
2.29841	-2.07584
1.95874	-1.5911
1.61689	-0.872257
2.22719	-1.88067
2.36926	-2.16267
1.89682	-1.24425
1.3469	-0.752522
0.917627	-0.263598
0.804322	-0.192639
0.90404	0.0274039
0.313687	0.393276
1.12172	-0.492007
1.8166	-1.23963
1.86988	-1.198
2.07302	-1.64817
2.49132	-2.23329
2.31241	-1.58954
2.15922	-1.40449
2.27068	-1.35731
2.48477	-1.68275
1.46378	-0.680146
1.17363	-0.839776
0.787482	-0.464639
1.0694	-0.439741
1.06211	-0.412547
0.965153	-0.488541
0.863437	0.0456285
1.16428	-0.516881
1.08474	-0.409643
1.10082	-0.444004
0.6498	-0.121248
0.708031	-0.0127316
1.02036	-0.558854
0.681084	0.209427
0.658337	0.158841
0.542792	0.14718
0.606232	0.394662
0.739915	0.0150057
0.692029	0.00876611
0.889125	-0.296836
0.98483	-0.559556
1.05325	-0.830257
1.33191	-1.1827
1.04479	-0.718338
1.24368	-1.08887
1.37314	-0.88076
1.63612	-1.00481
1.9478	-1.45821
1.59638	-0.888995
1.65879	-0.940677
1.66671	-1.30329
1.67887	-1.34505
1.01954	-0.611878
0.897221	-0.492411
0.832714	-0.583324
1.10546	-0.728983
1.0866	-0.582848
0.789463	-0.340609
0.95211	-0.674734
1.2823	-1.10598
0.950594	-0.739597
0.836507	-0.536636
1.20116	-1.04591
0.709523	-0.44783
0.6288	-0.241903
1.02787	-0.5044
0.66853	-0.236764
0.812474	-0.439381
0.857426	-0.567276
1.03827	-0.388937
0.916948	-0.26786
0.888574	-0.35658
0.88583	-0.170749
0.802793	-0.249793
0.685485	-0.129614
0.530381	0.332173
0.705038	0.0241288
1.19086	0.611576
0.721903	0.0889742
0.333352	0.627897
0.619197	0.825686
0.361051	0.335131
1.07279	-0.0299901
0.850284	0.0664319
0.902588	0.0985968
0.660954	0.486937
0.509611	0.430223
2.54325	-2.26194
2.41974	-1.91422
2.48491	-1.96216
2.88916	-2.68951
2.95316	-3.05154
2.81572	-2.97054
1.73964	-1.65661
1.68459	-1.59717
1.46449	-1.661
1.40718	-1.62039
1.22278	-1.18828
0.637555	-0.464848
1.31476	-1.01928
1.99903	-2.05467
2.23167	-2.42676
2.25315	-2.46599
1.55066	-1.7336
0.670884	-1.24551
0.082298	-1.04419
0.0319465	-0.825385
0.0807145	-0.852591
0.0942178	-1.06233
0.424575	-1.23267
0.551796	-1.44965
0.455709	-1.38437
0.53208	-1.37195
0.447696	-1.19843
0.571187	-0.889884
1.04316	-1.06431
1.49178	-1.47954
0.952475	-0.772243
0.891004	-0.626456
0.795067	-0.45027
1.19325	-0.808001
1.92651	-1.995
2.3101	-2.44099
2.56617	-2.83523
2.71197	-2.84276
2.8173	-3.01182
2.06432	-2.11177
1.33456	-1.69351
0.799534	-1.47821
0.994039	-1.71946
0.858206	-1.15893
0.314046	-0.67229
0.328799	-0.477989
0.943736	-0.927678
1.89786	-2.01934
1.75648	-1.71281
1.52764	-1.39348
1.56392	-1.35167
1.33103	-0.734243
1.21077	-0.505817
1.30522	-0.552299
1.29636	-0.649674
1.24101	-0.617176
1.1881	-0.486459
1.30668	-0.438469
1.37851	-0.553391
1.414	-0.549415
1.04436	-0.228535
1.31226	-0.564435
1.04713	-0.341234
0.810963	-0.198966
0.944787	-0.379211
0.66235	-0.203911
0.530436	-0.0441718
0.793595	-0.288512
0.557769	-0.0971968
0.984522	-0.438247
1.43269	-0.894637
1.76736	-1.29682
1.30713	-0.698795
1.57378	-0.868424
2.82379	-2.43535
2.28199	-1.45138
1.92673	-1.06299
1.71277	-0.809302
1.48889	-0.937572
1.87821	-1.69925
2.21293	-2.39222
2.14593	-2.58635
2.05954	-2.5082
2.4494	-3.02605
2.41416	-2.81817
2.46031	-3.03927
2.2171	-2.69097
2.62543	-2.95212
0.61325	-0.581988
0.827358	-0.841156
0.553238	-0.763509
0.95608	-0.438657
2.42562	-1.81876
3.08979	-2.92795
3.46109	-3.61689
3.01285	-2.66562
3.02208	-2.66095
3.03944	-2.77814
2.62677	-2.53736
1.74133	-1.49859
1.42664	-1.06746
1.24398	-0.739563
1.53122	-1.1531
1.52435	-1.30185
0.823579	-1.03354
1.47887	-1.77789
1.46953	-1.67148
1.75667	-1.99355
1.79832	-1.95568
1.5899	-1.31088
1.74444	-1.38098
1.86912	-1.85835
1.49183	-1.29168
1.27828	-1.14887
0.960663	-0.680709
0.678686	-0.459346
1.17419	-0.562756
1.12611	-0.677554
0.927903	-0.430054
0.866674	-0.47873
0.898262	-0.556549
0.778037	-0.306411
0.671254	-0.0327908
1.03149	-0.322276
0.425778	0.175633
0.404482	-0.0506239
0.941489	-0.765888
0.710955	-0.855778
0.271747	-0.73382
0.436049	-0.985297
1.32402	-1.39463
1.63652	-1.65648
1.50451	-1.55364
1.23029	-1.30729
0.739074	-0.954924
0.556251	-0.736302
0.67275	-0.772465
1.01985	-0.892428
1.60672	-1.48287
1.5098	-1.08718
1.61606	-0.859841
1.01791	-0.168089
0.333407	0.528484
0.715674	0.510131
0.681479	0.719767
0.531802	0.645618
0.610161	0.696473
0.581203	0.596832
0.292539	0.568823
0.10735	0.637559
0.919559	-0.0663697
2.38237	-1.52843
2.73615	-2.44585
2.89272	-2.90654
2.67079	-2.48466
2.42424	-1.95355
1.9165	-1.44217
1.41809	-0.947212
1.25199	-0.7581
1.47251	-0.814895
2.00265	-1.47867
2.37054	-1.80787
3.14372	-3.15489
2.99331	-2.79615
3.03919	-2.84771
2.5601	-1.93187
2.4258	-1.62545
2.54681	-1.97441
2.27441	-1.5614
1.39369	-0.831122
0.934745	-0.861997
1.04841	-0.447939
1.06916	-0.280429
0.903997	-0.219917
0.798883	-0.0855566
0.515864	0.0632895
0.858005	-0.0604672
0.994834	-0.289538
0.640187	0.126502
0.722507	0.0591446
0.721733	0.166533
0.735767	-0.0387639
0.453962	-0.0994228
0.805452	-0.288049
0.604385	-0.0219008
0.424154	-0.0923475
0.785633	-0.252309
0.671994	-0.124676
0.721567	0.224804
0.543735	0.234401
0.821876	0.0639277
0.85053	-0.0757378
0.745962	0.218531
0.948986	-0.0864608
0.65227	0.149802
0.708925	-0.0724334
0.915869	-0.216064
0.793399	-0.45331
1.08212	0.337956
0.770303	0.121069
0.997893	-0.0270068
1.44311	-0.536327
1.54944	-0.571051
1.4133	-0.412002
1.77535	-1.1138
1.74784	-0.985939
1.81814	-1.19447
1.65768	-0.95453
2.12316	-1.90692
2.03967	-2.02788
1.04099	-0.947416
0.417951	-0.263153
0.917612	0.0765884
1.96603	1.07618
2.11082	1.41596
2.35204	1.95133
2.03917	1.36062
2.17986	1.6812
1.89122	1.15715
1.52115	0.764003
1.38594	0.174217
1.15216	-1.08077
2.47639	-2.59524
2.82601	-2.82812
0.934153	-0.502153
1.4858	-0.976734
2.12013	-1.88428
1.58593	-1.54892
0.824951	-0.888677
0.508306	-0.635248
0.0668878	-0.123739
0.152822	0.272314
0.1147	0.600167
1.14188	-0.285479
0.974032	-0.312647
0.792059	-0.555149
0.990791	-0.781646
0.939221	-1.04155
1.60429	-1.83327
1.3197	-1.42595
1.8581	-2.28391
2.1794	-2.79195
1.93389	-2.4354
2.25127	-2.77509
2.54072	-3.20837
2.27564	-2.79204
2.07238	-2.3056
1.78439	-1.60772
1.19284	-1.04911
0.858863	-0.852444
0.719188	-0.800024
0.682917	-0.696328
0.85817	-0.68027
1.15711	-0.513082
1.94428	-1.99933
2.23888	-2.62918
1.96818	-2.06145
2.12052	-2.23449
2.75446	-3.15056
2.0437	-1.92664
1.89148	-1.50714
1.28019	-0.92754
1.19819	-1.12238
1.2431	-1.06578
0.869903	-0.317009
0.562112	-0.111752
0.889286	-0.52082
1.10807	-0.802932
1.74037	-1.49321
1.53414	-1.12491
2.13806	-1.68569
2.68892	-2.27291
3.78511	-4.34486
1.89105	-2.00851
1.96556	-1.66192
2.44561	-1.9542
2.13739	-1.56077
1.97601	-1.40045
2.04234	-1.49108
1.93676	-1.62328
2.144	-1.99252
2.68229	-2.96028
2.57662	-3.14625
2.40448	-2.91201
2.22512	-2.68745
2.15466	-2.60201
1.24187	-1.52668
0.677814	-1.00065
0.366098	-0.838691
0.237914	-0.86335
0.139822	-0.957093
-0.0190004	-1.00273
0.160106	-0.914949
0.207118	-0.678156
1.22938	-1.1622
1.3562	-1.11405
1.09654	0.070494
1.12373	-0.301892
0.74027	-0.479358
0.687195	-0.292375
0.881309	-0.345981
1.23336	-0.717139
1.2842	-0.737365
1.30616	-0.855286
1.66017	-1.40054
1.9379	-1.92857
1.87565	-1.87246
3.02893	-3.64678
2.4511	-2.36
1.45194	-1.1629
1.62018	-1.45106
1.57043	-1.07695
1.5537	-1.10096
1.40328	-1.19341
1.33156	-0.826675
0.783303	-0.310444
0.768827	-0.322783
1.2464	-0.797959
1.29264	-0.600024
1.73109	-1.57782
2.37748	-2.39893
1.81706	-1.77649
1.55057	-1.50213
1.24873	-1.02417
0.650618	-0.321235
0.564803	-0.255904
0.526574	-0.113944
0.366546	-0.103568
0.47665	-0.0712654
0.442968	0.0114976
0.559814	0.120019
0.897421	-0.247137
0.834309	-0.151345
0.964575	-0.199778
1.42337	-0.666924
0.874375	-0.39081
1.67798	-1.42273
2.15035	-2.17493
2.80722	-3.18774
1.80491	-1.52702
2.47306	-2.50602
2.33265	-2.18105
2.42503	-2.29226
1.92135	-1.91533
1.30637	-1.26765
0.878629	-1.01752
0.554551	-0.844867
0.344853	-0.818372
0.309955	-0.909119
0.587375	-0.94985
1.56	-2.05766
1.49766	-2.21926
1.1931	-1.84873
1.46174	-2.12689
1.1315	-1.70267
1.08256	-1.63569
1.26318	-1.83644
1.33726	-1.89783
1.06302	-1.52531
1.00275	-1.37931
0.710971	-1.05134
0.558917	-0.631947
0.904726	-0.731336
0.864366	-0.90227
0.961319	-0.857618
1.56856	-1.56717
1.38686	-1.19957
0.834588	-0.55638
1.20478	-1.01022
0.930951	-0.603292
0.821487	-0.459534
0.913374	-0.426822
1.06873	-0.536097
0.841911	-0.0830864
0.758128	-0.0861479
1.02128	-0.37924
0.596898	-0.0434124
0.469587	0.142113
0.782994	0.19598
1.04637	-0.126136
1.00608	-0.0444221
1.04179	-0.215789
1.01266	-0.201275
0.963892	-0.219034
0.844064	-0.145178
1.05921	-0.195248
0.937177	-0.0359415
0.923858	-0.180762
0.884266	-0.600494
0.882345	-0.821315
1.22601	-0.892036
1.95324	-1.02004
2.46577	-2.04022
2.99288	-3.55092
2.83015	-3.38019
2.39177	-2.84536
2.26182	-2.57886
1.6239	-0.807921
2.64743	-2.30453
2.76183	-2.8916
2.11226	-1.59569
1.72679	-0.874584
2.53687	-1.77834
2.6451	-2.09828
3.00605	-2.70954
2.53767	-2.4213
2.82399	-3.13955
3.35756	-4.28262
2.11326	-1.89606
1.43313	-0.738855
1.43709	-0.967317
0.431981	-0.309279
0.644863	-0.275373
1.05516	-0.748877
0.759745	-0.0759049
0.742654	-0.158907
1.60188	-1.36006
2.63884	-2.44368
2.27405	-1.92654
2.13901	-1.60087
2.06599	-1.23339
2.40777	-1.74817
1.61443	-0.746789
1.45265	-0.657289
1.42057	-0.0973788
0.889256	0.127305
1.39175	-0.440035
1.75925	-1.13247
1.56934	-1.07769
1.65187	-1.35389
1.37317	-1.41343
1.4257	-1.38262
1.7706	-1.84051
1.49596	-1.47325
1.2525	-1.12987
0.565666	-0.710782
1.0456	-1.21375
1.05141	-0.850501
0.691195	-0.391288
0.418804	-0.463472
0.441735	-0.624055
1.01373	-1.05758
1.49294	-1.54385
1.23767	-1.22946
1.03006	-0.905121
0.934639	-0.682107
0.746531	-0.637273
1.53692	-1.68643
1.421	-1.57032
2.09293	-2.49993
2.67723	-3.12778
2.26942	-2.66842
2.18503	-2.42717
1.32939	-1.19991
0.931138	-0.261902
1.33784	-0.644359
1.72332	-1.3314
1.57388	-1.28182
1.47321	-1.15463
2.12933	-2.04034
0.98417	-0.705607
0.247515	-0.272011
0.164506	-0.454492
0.0881147	-0.570875
0.170583	-0.491057
-0.0467163	-0.368419
-0.0131215	-0.422551
0.142404	-0.355463
0.693103	-0.715192
1.96522	-1.85747
1.86084	-1.65769
2.29442	-2.46135
2.06074	-1.71096
2.96797	-3.21623
2.91012	-2.92206
2.74067	-2.54019
2.85308	-2.72859
2.8859	-2.95482
2.35253	-1.71771
1.09535	-0.49497
0.137532	0.170732
0.638461	0.637296
0.483903	0.639319
0.826126	1.02359
0.628427	0.650227
0.488405	0.699709
0.726938	1.01445
0.583622	0.758289
0.511182	0.758367
0.659646	0.779083
0.481063	0.759276
0.791704	0.868674
0.0769068	0.472907
0.11435	0.458425
0.261922	0.662372
0.209553	0.603268
-0.0162759	0.553457
1.00813	-0.378524
1.19339	-0.766593
1.50766	-0.986547
1.46552	-0.84267
1.51895	-0.967679
1.59889	-0.968696
1.28105	-0.67359
1.21593	-0.698261
1.2506	-0.590742
0.97129	-0.277314
1.16248	-0.496025
1.37532	-0.660936
1.03327	-0.391053
0.880918	-0.0589206
1.02734	-0.238731
1.09784	-0.299231
1.03967	-0.261366
0.924806	-0.063049
0.623373	0.23183
1.14423	-0.190389
0.694601	-0.00974392
0.763828	0.0678276
0.85997	-0.191017
0.754478	0.0974418
0.94469	-0.146397
1.21958	-0.312849
1.15356	-0.415133
0.922332	-0.412072
1.15251	-0.344178
0.944272	-0.191581
0.891588	0.0198307
0.811805	0.290344
0.935393	0.457753
1.26361	0.858661
1.35785	0.862148
1.4702	0.875229
1.43793	1.09753
1.3693	0.955733
1.66309	1.35947
1.47145	1.20235
0.804017	0.33154
0.648926	-0.449728
1.30671	-1.49741
0.839923	-1.28057
1.17171	-0.974223
1.0111	-0.664695
1.53771	-0.854366
1.81645	-1.26573
1.93302	-1.74777
1.9336	-1.75375
1.62027	-1.48401
1.97848	-1.8551
1.96352	-1.93986
2.11406	-2.25441
2.19473	-1.69669
1.99048	-1.01124
1.69772	-0.714537
2.57223	-1.73857
2.34192	-1.33192
2.21379	-1.21536
2.74374	-2.04747
2.26598	-1.24592
2.54112	-1.71659
2.35026	-1.70224
2.27855	-1.45022
2.30994	-1.32382
2.08838	-1.24721
2.46307	-2.01935
2.26885	-1.65887
2.15322	-1.4693
2.15001	-1.49322
2.62502	-2.283
2.92308	-2.69467
2.39405	-1.81395
2.43042	-2.00599
2.66352	-2.40696
2.5095	-2.1509
2.64092	-2.41288
2.83864	-2.57377
2.36096	-1.9638
2.45678	-2.56605
2.34888	-1.80016
2.7339	-2.36068
2.33785	-2.48563
1.42733	-1.59166
1.85765	-2.24915
1.76031	-2.20737
1.93099	-2.40814
1.21816	-1.68127
1.07271	-1.48015
1.36685	-1.98849
1.11313	-1.7093
1.38177	-1.97176
1.27501	-1.83752
1.45532	-1.94001
1.6012	-1.77129
1.40878	-1.41928
1.24431	-0.958862
1.59265	-1.18961
1.2405	-0.748291
0.981126	-0.23184
0.529969	0.241611
0.762334	0.0614985
0.615613	0.040803
0.415173	0.0173857
0.887671	-0.0121444
1.42547	0.220472
1.39767	-1.05158
1.52052	-1.23285
0.815685	-0.619343
0.864244	-0.363731
1.43714	-0.893167
1.66347	-1.11436
1.41932	-0.749318
2.18538	-1.73481
1.85271	-1.23304
0.72306	-0.162402
-0.109627	0.183029
-0.0025001	0.172238
0.569861	0.418945
1.19935	1.15107
0.919375	0.745121
0.168511	0.0604714
0.298268	-0.378423
0.947312	-1.11792
1.17445	-1.4488
1.0216	-1.50522
1.16551	-1.04676
1.23783	-1.02884
0.768228	-0.654462
0.203227	-0.466978
0.52411	-0.20236
0.77745	0.033892
0.980913	0.256535
0.644715	0.131978
0.657349	0.669165
0.881147	1.23621
0.467856	0.857392
0.660561	0.538316
0.519052	0.27683
0.532582	0.249324
0.509557	0.544614
0.520592	0.650252
0.226586	0.0421004
0.497268	-0.471422
0.999248	-0.854495
1.16064	-0.936273
1.07411	-0.711373
0.444544	-0.216745
0.558945	-0.323575
1.00729	-0.622257
-0.0533959	0.224279
0.17286	0.138559
0.65756	-0.0473754
0.397597	0.0931736
0.991166	-0.643758
1.24579	-1.01011
1.18448	-1.1517
1.00635	-1.11637
0.977221	-1.09063
0.842092	-1.07635
0.828095	-0.997674
1.10843	-1.30843
0.810627	-1.07513
0.712103	-1.21716
0.884098	-1.34644
0.885767	-1.34097
0.95844	-1.34641
0.563432	-0.930043
0.759668	-1.13921
1.16704	-1.45516
1.04362	-0.969404
1.14315	-1.29923
0.946415	-0.973179
0.766074	-0.6766
1.35049	-1.16574
1.54133	-1.20737
1.79598	-1.73814
1.59383	-1.17816
1.58878	-1.25404
1.68109	-1.44341
2.04988	-2.29992
1.55078	-1.4903
1.75574	-1.51969
1.86638	-1.36579
1.57809	-0.957229
1.77578	-1.43207
1.40298	-0.655235
1.14892	-0.357239
1.1859	-0.499995
1.22027	-0.432497
0.883119	-0.107062
0.913617	-0.0478525
1.0298	-0.22059
0.988374	-0.258679
0.962387	-0.195939
0.982599	-0.103055
0.997262	-0.201814
0.933019	-0.0489692
0.928606	-0.202865
0.836811	-0.126204
1.06999	-0.265586
0.87185	0.142745
0.756585	0.0725498
0.968556	0.326672
1.01796	-0.0860078
0.8355	-0.159199
1.11315	-0.34426
0.635284	-0.29243
1.06608	-0.621225
0.979355	-0.628659
1.26783	-0.984316
1.56849	-1.41996
1.5552	-1.62119
1.28392	-1.19276
1.30151	-1.57239
1.17271	-1.54928
1.89886	-1.89433
1.67466	-2.04768
1.28092	-1.79745
1.57549	-2.07688
1.55888	-2.02292
2.14798	-2.52859
1.77342	-1.73396
1.66296	-1.59329
1.79835	-1.51159
1.86812	-1.2391
1.69379	-0.911279
1.4971	-0.845688
2.61804	-2.28567
1.79486	-1.39991
1.75413	-1.16187
1.66916	-0.919648
1.86014	-1.48601
1.51941	-1.06105
1.61267	-0.948571
2.08682	-1.49026
1.92847	-0.860041
1.92104	-1.31032
2.13366	-1.68703
2.49147	-1.95585
1.74518	-1.20632
2.1705	-1.75087
2.02529	-1.82831
2.61996	-2.70983
2.95646	-2.94665
3.269	-3.44704
4.28498	-5.01178
3.52696	-3.04679
2.35712	-1.88977
1.1192	-1.2051
0.840502	-0.774563
0.359435	0.00733533
-0.0948375	0.310751
-0.0555465	0.0343568
0.192803	0.597964
0.289238	0.856134
0.324223	0.722239
0.513236	0.855165
0.574741	0.873918
0.767285	0.775012
0.414804	-0.0926662
0.188645	0.0632633
0.26831	0.116536
0.198173	0.300088
0.440584	0.0808807
0.478433	0.121165
0.608626	0.0487689
0.596646	0.0760825
0.955968	-0.452972
0.994751	-0.641154
1.06742	-0.635413
1.32931	-0.641189
2.2554	-1.91782
2.35006	-1.83646
2.14146	-1.22182
1.12319	-0.0781608
0.504468	0.215963
1.11614	-0.626861
0.542171	-0.166059
0.711243	0.122789
0.983528	0.422533
1.00194	0.925534
0.254401	0.298015
0.995031	-0.209743
0.950115	-0.0400692
0.534356	0.0347851
0.172674	0.234965
0.561688	0.20154
0.22752	0.666696
0.251101	0.593597
0.0960487	0.314639
0.988577	-0.0233254
1.37988	-1.19667
2.26326	-2.74095
2.07592	-2.29278
1.92499	-2.09919
2.22052	-2.45766
1.94166	-1.94954
1.79815	-1.6498
1.82683	-1.53341
1.24687	-0.812032
1.20479	-1.06464
0.0214922	-0.0415613
0.596108	-0.122333
0.388242	-0.206489
-0.00251133	-0.46614
0.439566	-0.883092
0.581191	-1.10928
1.03591	-1.5165
0.891821	-1.11008
1.41297	-1.52933
1.65567	-1.67523
1.97469	-1.7622
2.41732	-2.06825
2.35254	-1.82232
2.05701	-1.12869
2.24213	-1.22882
2.0364	-1.11769
2.45469	-1.4676
2.38765	-1.54098
2.44873	-1.60379
2.21114	-1.50411
2.53044	-1.39572
1.87115	-0.80788
2.06444	-1.36242
2.10389	-1.41631
2.39613	-1.73352
2.45121	-1.71216
2.53517	-1.74007
3.30394	-3.03229
3.45423	-3.11162
2.66578	-1.85293
2.2719	-1.33841
3.04975	-2.52653
3.17397	-2.5635
2.63225	-1.70872
2.82442	-2.18047
3.03561	-2.53538
2.8229	-1.90928
3.02962	-2.45561
3.02019	-2.58134
2.44326	-1.98679
2.66781	-2.06031
2.3006	-1.58969
2.82518	-2.45274
2.23192	-1.50351
1.8346	-1.10542
1.72663	-0.719755
2.73465	-2.03566
2.69668	-1.86791
2.28752	-1.54826
1.82205	-1.26351
1.86125	-1.15305
1.69858	-0.939128
2.21989	-1.47771
2.30106	-1.49057
2.07674	-1.29125
2.3359	-1.34144
3.04164	-2.36742
3.36046	-3.90079
2.81483	-2.74407
2.35704	-1.98315
2.6126	-2.35746
3.09032	-3.62737
2.28179	-2.37411
2.00573	-1.99733
1.67533	-1.52738
3.01312	-3.23171
1.83526	-1.97613
1.89771	-1.67699
3.12496	-3.06933
2.35588	-1.77643
2.03162	-1.47861
1.70648	-1.08052
0.578884	0.28069
0.16621	0.430217
0.626936	0.557692
0.455325	0.406402
0.427571	0.0970974
0.256261	0.143159
0.833538	-0.31218
0.879228	-0.463249
1.05424	-0.480065
0.839768	-0.126899
0.860885	-0.368976
0.642316	0.0602197
0.599886	0.228364
0.13878	0.263284
0.620317	-0.18673
1.58859	-1.09444
2.41262	-2.24953
2.44285	-2.39929
2.60529	-2.42283
2.64721	-2.27432
2.62566	-2.04667
2.7574	-1.99923
3.06656	-2.39196
3.11194	-2.36118
3.14762	-2.58803
3.41346	-3.1823
3.49403	-3.10172
3.5043	-3.17802
3.00692	-2.06441
0.8373	0.0165716
0.447867	-0.0404166
0.364753	-0.0912108
0.0846819	0.0786501
0.565904	-0.0520309
0.639195	-0.48544
0.514851	-0.254297
0.996609	-0.373229
2.37249	-1.32471
2.43999	-1.42742
2.99429	-2.22604
3.03038	-2.3342
3.03901	-2.51235
2.96269	-2.41867
2.86348	-2.32121
3.04448	-2.50522
2.67328	-1.73868
3.05595	-2.60272
2.173	-1.24679
0.601894	0.0506258
-0.161586	0.280641
0.0153603	0.121025
-0.123112	-0.227289
0.44729	-0.302177
0.768589	-0.297285
0.882113	-0.217916
0.964785	-0.295982
0.87902	-0.260936
0.774445	-0.358717
0.844334	-0.445685
0.593784	0.00846355
0.676304	-0.103153
0.914925	-0.714494
1.84643	-0.78012
2.78822	-2.07503
2.55185	-1.75536
0.833888	-0.415798
-0.175119	0.094999
-0.219916	0.26305
-0.435599	0.626841
-0.364053	0.371236
0.0579724	0.644914
0.51366	0.822326
0.889293	1.29581
0.986593	1.45435
0.8862	1.09837
0.481507	0.707659
0.505268	0.485615
0.505126	0.12163
0.613363	-0.16068
0.925311	-0.725762
0.813463	-0.43411
1.4614	-1.11381
1.26065	-0.54893
0.951208	-0.827505
0.832792	-0.852158
0.756144	-0.801212
1.19934	-1.0607
1.3226	-1.03894
1.62327	-0.936135
2.57595	-1.92959
2.44159	-1.77934
2.63832	-2.30753
2.60207	-2.16706
2.30448	-1.75527
2.65658	-2.32312
2.88146	-2.67074
3.0315	-3.00237
2.88473	-2.80409
2.646	-2.45158
2.86395	-2.88191
2.07765	-1.89112
1.96954	-1.84366
1.57065	-1.37752
2.22161	-2.00877
1.97712	-1.32973
1.57605	-1.32407
1.35118	-1.27487
1.22296	-0.97687
0.95411	-0.799324
1.03507	-0.569986
0.768663	-0.280733
0.382854	0.525995
0.466946	0.723396
0.252497	0.80169
0.413015	1.00722
0.261572	0.89051
0.152279	0.860159
0.222328	0.75812
-0.0607367	0.373355
-0.101276	0.380991
0.150543	0.426543
0.0687459	0.62332
0.0172348	0.656343
0.00523211	0.858042
0.356346	0.75559
0.743264	0.380813
0.717707	0.31942
0.480612	0.4209
0.71952	0.399583
0.73324	0.34597
0.742544	0.185096
0.92123	0.189296
0.696583	0.131043
0.757341	-0.0232958
0.691203	-0.123916
1.00641	-0.306334
1.05101	-0.231879
1.14207	-0.636902
0.882741	-0.204536
0.799305	-0.0586378
0.742451	-0.232577
0.996169	-0.499407
1.15917	-0.604971
0.90746	-0.282084
0.916624	-0.102367
0.989683	-0.232139
0.913829	-0.238018
0.88677	-0.205174
0.77833	-0.0534726
0.904151	-0.0406205
1.08293	-0.420557
1.23957	-0.500669
0.791155	-0.0192091
0.707675	0.18448
0.585845	0.0804722
1.08242	-0.440934
1.0124	-0.54996
1.12739	-0.593538
0.727676	-0.219388
0.661692	0.0661879
0.932374	-0.53015
1.37458	-0.817164
1.1705	-0.512891
1.36506	-1.04526
2.13422	-1.83562
1.81215	-1.32732
2.44631	-2.28397
2.51417	-2.10678
2.31683	-2.26054
2.71675	-2.38918
2.79477	-2.19775
2.27682	-1.60483
1.82682	-0.885779
1.91583	-1.01318
1.77891	-0.886483
1.86135	-1.27413
2.18776	-1.70647
2.13003	-1.83767
1.80184	-1.2013
1.72952	-1.66066
1.17685	-1.1048
1.08027	-1.29238
0.833102	-1.32347
0.234121	-0.834482
0.107877	-0.831931
0.0796541	-1.0601
0.294599	-0.844591
0.52517	-0.620417
0.0874823	-0.608285
0.014589	-0.572561
0.43487	-0.173312
0.774137	0.554495
0.781703	0.3901
0.580565	0.348378
0.662135	0.103614
0.326509	-0.0414835
0.638096	-0.204836
0.646654	-0.110782
0.518666	0.0643079
0.551036	-0.32424
0.599383	-0.182162
0.54759	-0.00674797
0.850699	-0.473766
2.32604	-1.26535
2.02279	-1.11616
1.93459	-1.10408
2.25553	-1.53584
3.0968	-2.80775
2.47575	-1.7555
3.0369	-2.93517
2.83247	-2.52424
3.14289	-3.0273
3.29966	-2.99483
3.14794	-2.68328
2.47155	-1.78071
2.60694	-2.12532
1.45738	-0.538483
1.48314	-0.718572
1.02153	-0.230732
0.751111	-0.591541
0.991763	-0.723017
2.3878	-2.3015
3.22931	-3.33526
2.84656	-2.73912
1.91969	-1.49359
1.59354	-1.38811
0.978988	-0.934245
0.612535	-0.749304
1.1885	-1.41145
0.825753	-0.929362
0.712085	-0.967937
0.072827	-0.226765
0.058189	-0.0403107
0.39589	0.391477
0.840825	0.963925
0.895782	1.12965
0.559451	0.749107
0.593559	0.755081
0.711221	0.878055
0.377244	0.310233
0.638618	-0.283078
1.67384	-1.1747
2.34693	-2.04226
2.61868	-2.34842
2.59914	-2.02779
2.09151	-1.64294
2.12244	-1.76656
1.98191	-1.4434
1.12884	-0.489187
1.37627	-0.986069
1.09063	-0.804699
1.10001	-0.747677
0.769739	-0.612191
0.288314	-0.379904
-0.0408022	-0.0318894
-0.431925	-0.352769
-0.249982	0.0099312
0.271165	-0.0600391
1.43998	-1.26917
2.54863	-2.54182
1.94033	-1.82034
1.90128	-1.55901
2.89131	-2.53622
2.38973	-1.83334
3.03306	-2.40963
1.91617	-0.997569
1.79249	-1.17706
1.92566	-1.42462
1.74728	-1.5071
2.10523	-1.86207
1.58881	-1.31709
1.30791	-1.27429
1.18102	-1.18851
2.15064	-1.79061
1.93897	-1.69788
1.95858	-1.56747
2.10379	-1.93431
2.11929	-1.87318
2.67063	-2.16292
2.61613	-2.23202
2.68656	-2.37288
3.16968	-2.88109
2.95087	-2.66969
2.973	-2.77032
2.49332	-1.94661
3.20641	-3.20154
2.88468	-2.76267
2.36613	-2.10077
2.69515	-2.4571
1.95319	-1.44018
1.53702	-1.08507
0.999095	-0.533608
1.17633	-0.547394
1.09272	-0.681703
0.908338	-0.385608
1.02418	-0.396256
1.12054	-0.431603
1.14404	-0.78208
1.46558	-0.927609
1.24565	-0.636642
1.27246	-0.552679
1.36481	-0.962937
1.70714	-1.28103
1.17563	-0.61915
1.19513	-0.736475
1.29551	-0.70126
1.52725	-1.26729
1.28818	-0.573927
1.04974	-0.356426
0.809279	-0.090588
1.22669	-0.758556
1.32641	-0.773001
1.08061	-0.487603
1.16596	-0.63783
1.3006	-0.783123
1.06266	-0.383293
0.891288	-0.417696
0.888411	-0.271652
1.07192	-0.509299
1.05131	-0.46138
0.723997	-0.03397
1.03764	-0.420033
1.19691	-0.620936
1.29757	-0.766103
0.999039	-0.197229
1.25582	-0.343214
1.00429	-0.366838
0.979791	-0.232434
1.15918	-0.482418
1.10223	-0.139314
0.922465	-0.0696008
1.32112	-0.507584
0.980992	-0.197117
0.736202	0.14741
0.68493	0.336478
0.687128	0.0744015
1.04708	-0.326613
1.20139	-0.444974
1.26416	-0.617329
1.38926	-0.804147
1.43175	-1.05468
1.52461	-1.42385
2.17178	-2.17243
1.91824	-1.79852
2.25272	-2.18333
2.49078	-2.3663
2.46009	-2.68411
2.48335	-2.82972
2.47943	-2.48707
2.95127	-3.17776
2.88553	-3.27055
2.84318	-3.05383
3.26433	-3.66134
2.64204	-1.94239
2.74345	-2.13917
3.30109	-2.87237
3.08765	-2.62018
3.33071	-3.0824
3.59659	-3.87643
3.48962	-3.91699
0.943994	-0.468565
0.379055	-0.158396
0.634868	0.38543
0.653026	0.469174
1.01973	0.811065
0.933711	0.803306
0.658678	0.508759
0.68377	0.395083
0.475737	0.155619
0.819669	-0.391633
4.19974	-4.96015
4.58381	-5.38284
3.6583	-3.48191
3.88413	-3.91468
3.66745	-3.58033
3.42393	-2.94735
3.44824	-2.93152
3.30888	-2.72495
3.0251	-2.39115
3.49401	-3.22146
3.49754	-3.28515
3.50004	-3.29333
3.4466	-3.1456
2.85069	-2.60293
0.770649	-0.381413
0.335533	-0.249105
0.460327	0.162717
0.834576	0.66152
0.65376	0.423919
0.763806	0.619755
0.843394	0.678646
0.960676	0.59766
0.753048	-0.114815
0.928064	-0.385492
3.74441	-3.62667
3.81724	-3.76118
3.30847	-3.35248
2.63345	-3.05725
1.60536	-1.01743
1.46745	-0.898575
0.590689	-0.489651
1.06118	-0.894634
0.796551	-0.791352
0.634691	-0.910492
0.548199	-1.09611
0.494888	-1.12435
0.603318	-1.22499
0.367006	-0.738082
0.243527	-0.330881
0.951228	-0.670983
1.18153	-0.609252
1.18989	-0.554354
1.17558	-0.338341
1.21376	-0.246852
2.10179	-1.45056
2.14349	-1.27768
2.67501	-2.23852
2.15706	-1.57204
3.12312	-2.8416
3.29689	-3.00475
3.25139	-3.12328
2.64392	-2.5042
2.89839	-2.29489
2.20852	-1.68768
1.7462	-1.42478
1.69771	-1.14217
1.24075	-0.791461
0.642333	-0.560226
0.97248	-0.703676
2.81271	-2.83576
2.82132	-3.23168
2.3221	-2.3598
2.73575	-2.38414
2.10956	-1.35971
2.65499	-1.92986
2.74389	-1.79122
2.38846	-1.35133
1.09583	-0.642536
1.02043	-0.443977
1.29479	-0.882534
1.46376	-1.12478
1.64679	-1.1387
1.37216	-0.854251
1.26514	-0.551124
1.85643	-1.62708
1.45467	-1.21074
1.08773	-0.794464
0.928899	-0.713253
1.7383	-1.15131
2.03761	-1.5454
2.11515	-1.63214
2.58092	-2.15535
2.16958	-1.66241
2.23791	-2.00331
2.46727	-2.51623
2.70126	-2.73855
2.62009	-2.5228
3.00018	-3.49273
2.59525	-2.92745
2.16033	-2.08053
2.20783	-2.23868
1.81844	-1.48538
1.68256	-1.38841
2.07642	-1.74668
2.00654	-1.29322
2.58017	-2.3829
1.96163	-1.60332
2.23734	-2.02568
2.6223	-2.52961
3.09742	-2.79574
2.57825	-1.44653
1.86264	-0.912889
1.86573	-1.33365
2.46467	-1.7636
2.27565	-1.60962
1.54523	-0.616539
1.58966	-0.750984
1.41242	-0.687401
1.22138	-0.81862
0.88533	-0.402384
0.948319	-0.617767
1.17295	-0.525271
1.25309	-0.619531
1.97675	-1.65321
1.9496	-1.67428
2.17634	-2.23338
1.77819	-1.49268
2.13319	-2.0736
1.16569	-0.958615
1.36359	-1.42341
1.4365	-1.31204
1.28664	-1.14695
1.34107	-1.50757
0.941819	-0.794867
0.955562	-0.536374
0.975817	-0.480518
0.857548	-0.357668
0.912817	-0.419771
0.933447	-0.442061
0.883954	-0.246342
0.974047	-0.220272
1.03078	-0.324867
1.01453	-0.39323
0.676596	-0.0568567
0.729035	0.00825373
0.710306	-0.0532938
0.909274	-0.082603
0.838391	-0.0179772
0.77327	0.0559337
0.999663	-0.0149745
1.22869	-0.783945
1.02121	-0.580284
0.706551	-0.323563
0.728862	-0.374239
0.820054	-0.408741
1.36557	-0.772577
0.937655	-0.242362
1.0358	-0.359799
1.10286	-0.317359
1.00772	-0.148214
0.416591	0.55161
0.600468	0.222468
0.0364038	1.23067
-0.140058	1.57485
-0.0735874	1.02427
0.881472	-0.111608
0.929896	-0.352003
0.758816	-0.0918696
1.02366	-0.792854
0.976663	-0.876856
0.860844	-0.989795
0.756387	-1.28491
0.628543	-1.34331
0.823101	-1.56511
0.730953	-1.38132
1.56804	-1.61237
1.64809	-1.68551
1.74396	-1.52571
1.68044	-1.45271
1.84079	-1.79435
1.76065	-1.19884
1.84409	-0.990448
1.69905	-1.06142
2.29077	-1.74987
2.16867	-1.79136
3.29245	-3.50469
3.2439	-3.17573
3.36675	-2.84921
3.82846	-3.67908
3.81587	-3.35712
3.01083	-1.86649
2.97321	-1.86451
2.87202	-1.99585
2.69478	-1.70758
3.04455	-2.25984
3.1868	-2.4164
3.23268	-2.68677
3.21304	-2.7142
3.71907	-3.88873
3.4806	-3.16518
3.53149	-3.0781
3.28643	-3.36758
2.93389	-3.1861
3.46125	-3.8979
3.6772	-4.08244
3.36273	-3.77582
2.7285	-2.67607
2.57094	-2.35643
1.70263	-0.882968
2.06999	-1.94993
1.39385	-1.27428
1.59354	-1.17622
1.01424	-0.432663
0.883983	-0.0976309
1.08355	-0.526593
0.994374	-0.512043
0.794162	-0.653785
1.27701	-1.20984
2.1387	-2.24785
1.15173	-1.4387
1.10854	-1.10564
1.54996	-1.1525
2.06965	-1.63058
2.20106	-1.82175
2.73533	-2.60448
2.90178	-2.84331
2.54605	-2.30942
2.61951	-2.45011
2.9338	-2.28571
2.52335	-2.73375
2.27319	-2.82306
1.53122	-1.86454
1.82271	-2.18276
0.857549	-0.858026
1.61824	-1.61126
1.65696	-1.63435
1.1403	-1.20689
1.18717	-1.23142
0.787965	-0.551164
0.31975	0.03177
0.786121	0.65218
1.07478	0.764655
1.12826	0.772575
1.44634	1.14557
0.96993	0.791541
0.579583	0.11989
0.0643897	-0.453676
0.0926651	-0.278539
0.465147	-0.705394
1.30353	-1.29634
1.1623	-0.973136
1.33117	-1.22426
1.68608	-1.49889
2.17996	-2.12195
1.83762	-1.46247
1.35712	-0.860561
0.509303	0.0736827
0.154598	0.556731
0.0543894	0.347497
0.37527	0.655614
0.194575	0.669902
0.606494	0.807383
0.767665	0.974692
0.345574	1.06294
0.360686	0.766917
0.424499	0.691583
0.236267	0.500981
0.369358	0.467828
0.203538	0.497874
0.0748219	0.352126
-0.0965213	0.444767
-0.289195	0.330222
-0.407163	0.231883
-0.137879	0.33009
0.0512811	0.52711
0.0955112	0.324782
0.0164502	0.49872
0.246788	0.468519
0.328319	0.410239
0.653802	0.250452
0.697504	-0.0729654
0.789151	-0.0738443
1.06011	-0.648568
0.859025	-0.503399
1.1213	-0.456452
0.91669	-0.271997
0.976037	-0.376343
0.897781	-0.283402
1.02159	-0.361281
1.02995	-0.207977
1.01469	-0.254648
1.10208	-0.30714
0.837522	0.0088132
0.646325	0.195504
0.572811	0.301125
0.715498	-0.00918024
0.933644	-0.133896
0.714347	0.0727695
0.72964	0.248108
0.486532	0.321101
0.308813	0.427062
0.29128	0.451131
0.754952	-0.0683464
0.974708	-0.228957
0.940285	0.0427376
1.06083	-0.328396
0.778172	0.0704232
1.00985	-0.206555
0.782291	-0.17525
1.08528	-0.496882
