-0.331464	0.0352054
-0.486597	0.476669
-0.878385	0.798372
-0.709648	0.648261
-0.670208	0.667637
-0.564733	0.73703
-0.566341	0.412937
-0.876039	0.452675
-0.923597	0.544338
-0.919795	0.675514
-0.913635	0.657509
-0.758362	0.608743
-0.949874	0.697587
-0.927259	0.720444
-0.834646	0.71499
-0.617178	0.572019
0.150653	0.0809812
0.408824	0.0466621
0.29637	0.297828
0.449896	0.138856
0.412845	0.224036
0.106352	0.502559
0.276161	0.439248
0.119201	0.562967
0.0114723	0.644511
-0.405706	0.864667
-0.239134	0.8023
0.0618201	0.803132
-0.0620221	0.682729
0.0649103	0.535906
-0.0141234	0.56405
-0.224371	0.800388
-0.286549	0.707732
-0.305395	0.809291
-0.332703	0.438364
-0.276047	0.281541
-0.813179	0.378255
-0.883646	0.237368
-0.736187	0.279321
-0.641447	0.1441
-0.859357	0.427239
-0.850549	0.424149
-0.868224	0.171694
-0.846605	0.129745
-0.635024	0.451139
-0.753408	0.524299
-0.788431	0.291653
-0.903899	0.293042
-0.792654	0.616865
-0.763706	0.529606
-0.372675	0.660401
-0.519113	1.05289
-0.745023	1.28502
-0.63762	1.17039
-0.431363	1.21367
-0.330478	1.28944
-0.313034	1.32337
-0.420472	1.57664
-0.497878	1.59996
-0.661116	1.60741
-0.813944	1.37301
-0.881059	0.972535
-0.497721	0.771052
-0.00609561	0.577924
0.402494	0.600484
0.0931702	0.502926
-0.224328	0.531807
-0.421927	0.569789
-0.551479	0.671347
-0.680316	0.71493
-0.575825	0.732342
-0.486626	0.64057
-0.337149	0.545366
0.061435	-0.0590121
-0.00424704	-0.268114
-0.615271	-0.0935062
-0.440116	0.221506
-0.415371	-0.195248
-0.403569	-0.0407238
-0.634146	-0.151731
-0.552668	-0.142994
-0.626859	-0.270476
-0.209483	-0.23468
-0.1852	-0.321006
-0.0664037	-0.260897
-0.308265	-0.424908
-0.384581	-0.547466
-0.661259	-0.565138
-0.699162	-0.441623
-0.984303	-0.273602
-1.01998	-0.0995277
-1.03198	0.103846
-0.731912	0.42281
-0.599278	0.465776
-0.376754	0.188858
-0.323988	-0.493562
-0.218095	-0.277702
-0.191693	-0.101327
0.108761	0.149436
-0.0163558	0.122065
-0.0728049	0.162847
0.105407	0.244521
0.168292	0.417868
0.0277773	0.206272
0.355767	0.294019
0.370694	0.224492
-0.159586	0.348704
-0.638802	0.663665
-0.624798	0.874944
-0.345134	0.749869
-0.312309	0.667218
-0.321025	0.597924
-0.582721	0.419907
-0.787615	0.192497
-0.98338	0.170626
-0.913557	-0.0911715
-1.12307	-0.20191
-1.10976	-0.240244
-0.816366	0.21849
-0.476569	0.332238
-0.474731	0.528935
-0.237247	0.783574
-0.573228	0.975541
-0.379064	0.891489
-0.366212	0.567566
-0.43013	0.725524
-0.437766	0.371687
-0.206259	0.0917264
-0.343569	0.188357
-0.253051	-0.088779
-0.291982	-0.154553
-0.456368	-0.390234
-0.279176	-0.109405
-0.150635	0.249553
-0.301346	0.147656
-0.355077	0.351622
-0.397573	0.361354
-0.504133	0.407321
-0.307454	0.253107
-0.213118	0.198238
-0.400476	0.00849982
-0.926035	0.0982709
-0.867425	0.303486
-0.843177	0.344604
-0.668148	0.592806
-0.432105	0.579618
-0.340413	0.651014
-0.47354	0.816022
-0.439315	0.588144
-0.461206	0.435587
-0.221696	0.337977
-0.0594611	-0.0194618
-0.00697932	-0.07001
-0.00208531	-0.0872449
-0.220487	0.197489
-0.239484	0.191389
-0.354828	0.290688
-0.472151	0.0290711
-0.524544	0.124062
-0.704725	0.109213
-0.617427	0.249487
-0.777113	-0.0610334
-0.799342	-0.0566091
-0.757521	-0.106443
-0.818743	-0.177963
-0.880523	0.0691431
-0.812925	-0.0828424
-0.73945	-0.118068
-0.573897	-0.249532
-0.781163	-0.319386
-0.743946	-0.240283
-0.669724	-0.304489
-0.578436	-0.190266
-0.74768	-0.168537
-0.922109	-0.239646
-0.801428	-0.0959828
-0.654855	-0.374119
-0.902794	-0.385572
-0.697654	-0.401067
-0.537375	-0.325483
-0.465836	-0.326345
-0.541838	-0.354976
-0.822864	-0.405057
-0.816684	-0.286972
-0.846245	-0.322167
-0.767128	-0.403706
-0.842209	-0.412175
-0.787448	-0.597783
-0.623745	-0.446378
-0.673023	-0.43127
-0.543572	-0.377725
-0.472272	-0.5778
-0.543418	-0.448185
-0.648354	-0.400467
-0.525131	-0.335668
-0.520503	-0.376919
-0.504687	-0.5021
-0.267054	-0.314989
-0.342824	-0.413008
-0.367259	-0.251656
-0.577688	-0.225064
-0.378787	-0.20605
-0.412074	-0.265083
-0.41921	-0.202086
-0.249127	0.119228
-0.00550565	0.30423
-0.0686657	-0.159073
-0.170868	-0.148894
-0.245887	-0.354313
-0.290211	-0.287085
-0.299681	-0.335962
-0.270527	-0.172835
-0.770509	0.00488326
-0.691621	-0.254228
-0.351283	-0.228492
-0.684572	-0.304589
-0.528137	-0.423688
-0.491324	-0.362698
-0.420626	-0.267922
-1.23912	0.750293
-1.19258	0.550741
-0.634504	0.400826
-0.399137	0.631033
-0.510036	0.770765
-0.872037	0.640076
-1.01372	0.595607
-1.17885	0.271817
-1.04147	0.348784
-1.09466	0.350441
-0.975373	0.286764
-0.770384	0.208604
-0.630121	0.277263
-0.419601	0.193183
-0.387632	0.301686
-0.61565	0.165606
-0.00591829	0.150803
0.293695	0.0791066
0.376004	0.0808919
0.130976	0.191619
0.214183	-0.00682704
0.171774	0.0979258
0.126636	0.115849
-0.0631109	0.0200305
-0.178312	-0.00196508
-0.324709	-0.106225
-0.252322	-0.134479
-0.343415	-0.00647072
-0.291462	-0.24531
-0.455363	-0.18605
-0.29269	0.0488629
-0.587226	0.0691261
-0.800597	-0.15205
-0.766384	-0.0564938
-0.785753	-0.136036
-0.750746	-0.135715
-0.887936	-0.247423
-0.78911	-0.0874727
-0.638289	0.00275691
-0.347957	-0.137445
-0.424388	-0.00878339
-0.462317	0.223286
-0.764553	0.33115
-0.615653	0.487323
-0.896491	0.316882
-0.809906	0.36597
-0.873888	0.289968
-0.894767	0.170455
-1.05206	-0.196369
-0.961278	-0.0578414
-1.04253	0.137229
-1.13506	0.338772
-1.16987	0.107561
-1.18917	-0.0666878
-1.25567	-0.0622341
-1.35703	-0.111689
-1.19503	-0.167295
-1.28839	-0.00384682
-1.38948	-0.342388
-1.23588	-0.345627
-1.35203	-0.292952
-1.38287	-0.299556
-1.4065	-0.234162
-1.33669	-0.228143
-1.18825	-0.144864
-1.2689	-0.234291
-1.01214	-0.259615
-1.03717	-0.287589
-0.981743	-0.241786
-0.968479	-0.386852
-0.624789	-0.565842
-0.615241	-0.37383
-0.824766	-0.249669
-0.610248	-0.245087
-0.796872	-0.189308
-0.678691	-0.254299
-0.623733	-0.000820466
-0.934729	-0.391143
-0.740305	-0.399837
-0.892837	-0.419818
-0.882903	-0.458314
-0.662666	-0.273896
-0.777421	-0.0851761
-0.677853	-0.36788
-0.662212	-0.313019
-0.720717	-0.353985
-0.778059	-0.0432671
-0.433382	0.145315
-0.692476	-0.169075
-0.333978	-0.349534
0.194073	0.0593814
0.337567	0.204463
0.321056	0.368277
0.153645	0.258967
0.0396579	0.22904
0.139632	0.0197407
-0.212648	0.263555
-0.280629	0.168232
-0.409936	0.340728
-1.03658	0.413892
-0.789283	-0.185911
-0.345467	-0.0631363
-0.124564	-0.23284
-0.365509	-0.257294
-0.400773	-0.305054
-0.275574	-0.488682
-0.367365	-0.420734
-0.259938	-0.549564
-0.242704	-0.528005
-0.0249078	-0.0142457
-0.183882	0.224807
-0.271883	0.414011
-0.467472	0.31882
-0.156277	0.237607
-0.377232	0.177628
-0.463671	0.189896
-0.132192	0.0664241
-0.168183	0.227403
-0.307574	-0.059372
-0.602089	-0.161813
-0.66778	-0.229657
-0.458459	-0.143395
-0.49607	-0.0905938
-0.514696	-0.0762359
-0.433967	0.132624
-0.251844	0.217925
-0.252017	0.569829
-0.4842	0.735214
-0.0813003	0.4386
0.062524	0.415878
-0.0723788	0.530324
-0.076093	0.555702
-0.136182	0.438055
-0.131389	0.812717
-0.0531673	0.673645
-0.0483377	0.418216
0.210247	0.401798
0.0954791	0.488346
0.0461047	0.390914
0.0545862	0.43462
0.31549	0.444149
-0.654548	0.537012
-0.326482	0.86838
0.0212856	1.10481
-0.0939845	0.895202
-0.0714635	0.856926
-0.0797677	0.68367
0.117029	0.348625
0.191941	0.405349
0.0826948	0.2467
-0.0368697	0.370864
-0.207213	0.366881
-0.356069	0.51672
-0.566559	0.610638
-0.464559	0.58882
-0.560176	0.601349
-0.434354	0.493472
-0.611102	0.697297
-0.519307	0.756838
-0.323053	0.406229
-0.391692	0.485188
-0.407484	0.334739
-0.373143	0.250187
-0.452275	0.311321
-0.579278	0.474447
-0.67613	0.31428
-0.319414	0.394595
0.0396433	0.599579
0.0923124	1.07604
-0.0647438	1.1493
-0.445588	1.15795
-0.386321	0.569837
-0.728678	-0.0289929
-1.03436	0.0745724
-1.02531	0.0883
-0.898392	-0.142106
-0.822441	-0.118413
-0.853179	-0.120442
-0.847316	-0.207993
-0.955565	-0.368682
-0.746435	-0.357261
-0.69288	-0.216162
-0.739008	-0.0624607
-0.637706	0.187762
-0.462818	0.0215596
-0.69496	-0.0658454
-0.767034	-0.18682
-0.693658	-0.207379
-0.622438	-0.0946575
-0.632565	-0.0511224
-0.575423	0.0900313
-0.493485	0.259423
-0.278499	0.400303
-0.22689	0.621468
-0.166451	0.533007
-0.140979	0.252053
-0.3397	0.353949
-0.203137	0.336823
-0.385925	0.19369
-1.21225	-0.161835
-1.07235	-0.205086
-0.564974	0.00679415
-0.570295	0.43942
-0.838165	0.234139
-0.64409	-0.0355089
-0.98373	-0.372149
-0.880971	-0.138708
-0.853153	-0.0877458
-0.774782	-0.225023
-0.581798	-0.129632
-0.45235	-0.178401
0.0128675	0.00544577
-0.163905	-0.0793373
-0.320784	-0.129682
-0.469285	-0.0938453
-0.554882	-0.205018
-0.640818	-0.247883
-0.699605	-0.207679
-0.629594	-0.261583
-0.849248	-0.304542
-0.722826	-0.278591
-0.627627	-0.430134
-0.556477	-0.474223
-0.393643	0.15811
-0.349423	0.211387
-0.100369	-0.196101
-0.328284	-0.18325
-0.688064	-0.394554
-0.76814	0.162962
-0.649726	-0.132293
-0.69747	-0.216922
-0.695799	-0.295561
-0.808922	-0.337069
-0.629457	-0.341113
-0.764203	-0.362186
-0.89982	-0.337947
-0.776076	-0.496036
-0.75143	-0.364297
-0.72347	-0.398452
-0.720865	-0.380103
-0.60233	-0.476222
-0.351856	-0.275532
-0.56701	-0.382707
-0.792513	-0.315835
-0.72994	-0.2665
-0.683639	-0.184025
-0.656185	-0.276877
-0.778826	-0.415723
-0.710127	-0.264737
-0.879667	-0.298653
-0.715646	-0.11715
-1.06125	-0.0777796
-0.7734	-0.397207
-0.746423	-0.437468
-0.847757	-0.530578
-0.775651	-0.546998
-0.746587	-0.481669
-0.817829	-0.312937
-0.275344	-0.238908
-0.190063	-0.345945
-0.452212	-0.452912
-0.664173	-0.56527
-0.466965	-0.222713
-0.020957	-0.159904
0.043567	0.0580924
0.263329	0.141975
0.382707	0.241128
0.318815	0.252132
0.165391	-0.0047879
-0.148683	-0.223413
-0.0209305	0.0105999
-0.285572	-0.0600574
-0.373094	-0.142428
-0.538704	-0.139877
-0.47918	-0.381083
-0.985746	-0.534119
-1.10438	-0.634263
-0.946782	-0.653789
-0.858242	0.0554262
-0.87439	-0.0960694
-0.646932	-0.443682
-0.584218	-0.627376
-0.642497	-0.649501
-0.355592	-0.35345
-0.384976	-0.155509
-0.750093	0.0521093
-0.664872	0.237748
-0.664473	0.116195
-0.627253	0.27075
-0.266015	0.330698
0.11109	0.333537
0.243567	0.0627113
0.197714	0.413683
0.0716124	0.22341
-0.162309	0.338951
-0.244272	0.873348
0.187936	0.965108
0.113424	0.79667
-0.313567	0.955874
-0.0826476	0.722324
-0.255602	0.367913
-0.198744	0.090655
-0.409239	-0.0987287
-0.631117	-0.177148
-0.580668	-0.368406
-0.789793	-0.0848735
-0.455076	-0.277694
-0.629432	-0.407469
-0.602809	-0.393202
-0.375698	-0.125143
-0.00580137	0.358305
0.126666	0.886716
0.159175	0.909312
0.0437919	1.08459
0.0634232	1.40467
-0.00101892	1.19449
0.15581	1.2117
0.11713	1.12879
0.00615846	1.27967
0.202844	1.04152
0.0881491	1.07141
0.103305	1.15576
0.135724	1.22363
0.185049	1.15874
0.0293078	1.1045
-0.227879	1.03235
-0.304962	0.807674
-0.291572	0.848825
-0.330898	0.6268
-0.385164	0.387354
-0.47426	0.18472
-0.418388	-0.0487718
-0.362044	0.0068585
-0.666384	0.119529
-0.726741	0.28433
-0.745553	0.322635
-0.591801	0.327303
-0.635137	0.682878
-0.171928	0.240175
-0.574606	0.0777916
-0.605141	0.0506554
-0.855459	-0.27664
-0.706489	-0.00294227
-0.928706	-0.158602
-0.946864	-0.0847722
-0.809807	-0.22671
-1.00854	-0.215693
-1.12251	-0.455095
-1.02447	-0.469738
-0.829898	-0.217398
-0.538689	0.155329
-0.0988631	-0.0555249
-0.38001	-0.191075
-0.720625	0.273075
-0.577068	0.730743
-0.394277	0.620694
-0.242607	0.980025
-0.00314603	0.941351
-0.0367103	0.854579
-0.0414521	0.884723
-0.102229	0.737923
-0.199418	0.516017
-0.013959	0.350368
0.00857385	0.262146
-0.0406865	0.17029
-0.0945812	0.209813
-0.15112	0.0093767
-0.277848	-0.0988724
-0.359154	0.0120937
-0.422589	0.134957
-0.422683	-0.0910766
-0.427062	-0.03668
-0.918825	-0.187169
-1.26534	-0.0843547
-0.694618	0.249565
-0.569506	0.245447
-0.346184	-0.18603
-0.190135	-0.217979
0.213699	0.192874
0.456157	0.123537
0.119014	0.569894
0.326818	0.535139
0.328505	0.509255
0.203191	0.381409
0.164732	0.411249
0.141188	0.360018
0.209174	0.378491
0.122135	0.485035
0.192327	0.552782
0.0899134	0.191835
-0.319568	0.305072
-0.670773	0.185791
-0.274885	0.34254
0.00265504	0.390755
-0.177002	0.101995
0.0587167	0.380318
0.135411	0.028575
0.0613911	-0.0201828
-0.166287	0.333874
-0.121931	0.355837
-0.0520504	0.461745
-0.249291	0.49788
-0.257239	0.406256
-0.239477	0.127593
-0.348357	0.237593
-0.24017	0.0899731
-0.447032	0.00287239
-0.207613	-0.24701
-0.352258	-0.47746
-0.153912	-0.360096
-0.247697	-0.318506
-0.105596	0.176749
-0.235536	0.335402
-0.327643	0.347505
-0.673622	0.226462
-0.478481	0.177276
-0.453598	0.0140288
-0.600305	-0.030784
-0.475447	-0.0442677
0.00880473	0.114548
0.186816	0.248251
0.23001	0.0305293
0.143049	0.0575009
-0.0854049	-0.218515
-0.175224	-0.611651
-0.0123056	-0.322564
-0.0676891	0.395513
-0.712969	0.343626
-0.450747	-0.0358407
-0.0944924	0.189142
-0.700659	0.299517
-0.775255	0.227001
-0.685425	0.0221421
-0.760952	0.123759
-0.516624	0.25233
-0.575833	0.4862
-0.522183	0.476599
-0.141253	0.364336
-0.200632	0.415311
-0.445279	0.585034
-0.627899	0.69511
-0.612607	0.706691
-0.393347	0.480489
-0.42067	0.496773
-0.015047	0.482199
0.31199	0.339219
0.220267	0.67428
0.0981707	0.616623
0.111999	0.631511
-0.270285	0.597626
-0.648374	0.479039
-0.39619	0.23182
-0.461298	0.339666
-0.320977	0.421263
-0.37756	0.423953
-0.394501	0.29898
-0.553793	0.349635
-0.3127	0.211577
-0.376185	0.28846
-0.663516	0.446161
-0.683669	0.530102
-0.593997	0.692082
-0.32428	0.529504
-0.183359	0.486313
-0.103883	0.505414
0.0771175	0.279627
-0.333185	0.625253
-0.369347	0.731434
-0.242361	0.674616
-0.319928	0.617251
-0.409091	0.605493
-0.110636	0.430784
0.0316478	0.448748
0.14145	0.403274
0.0571411	0.174761
-0.118136	0.00356889
-0.372557	0.0127875
-0.208283	-0.136661
-0.115749	-0.0788482
-0.110412	0.15865
-0.188425	0.257316
-1.08036	0.130345
-0.917471	0.23869
-0.685334	0.613276
-0.928916	0.972492
-0.978697	1.24605
-0.878362	1.24031
-0.894566	1.28797
-0.742151	1.17827
-0.790209	0.62226
-0.407064	0.243498
-0.547926	0.352573
-0.737004	0.517499
-0.804062	0.0806463
-0.827347	-0.0468116
-0.886426	0.0976134
-0.839468	-0.182778
-0.958021	0.138631
-0.895268	0.150601
-0.428957	0.147252
-0.497686	0.151253
-0.679252	0.29691
-1.08489	0.13709
-0.659068	0.412567
-0.360946	0.315066
-0.218479	-0.0193832
-0.749808	0.0823002
-0.842473	0.0305671
-0.785908	-0.0460839
-0.785783	-0.198298
-0.834027	-0.469123
-1.37455	-0.71747
-1.03215	-0.525127
-0.681775	-0.298138
-0.756252	-0.375826
-0.789074	-0.410753
-0.847454	-0.216406
-1.03342	-0.549443
-0.949932	-0.615821
-1.01013	-0.289095
-0.707281	-0.232993
-0.684657	-0.418289
-0.609531	-0.422512
-0.741832	-0.34198
-0.894766	0.0139647
-0.698848	-0.34444
-0.702518	-0.334361
-0.697077	-0.174587
-0.679173	-0.280235
-0.777661	-0.31296
-1.0383	-0.137384
-0.947357	-0.184089
-1.24001	0.0735254
-1.08198	-0.242888
-1.18482	-0.0137137
-1.20233	-0.0166152
-1.2772	-0.0886999
-1.28737	0.0542176
-1.32138	-0.0350487
-1.26411	-0.213491
-1.20342	-0.219791
-1.39848	-0.133947
-1.26323	0.042538
-1.28557	-0.22305
-1.43092	-0.359261
-1.36066	-0.249164
-1.18092	-0.271698
-1.29865	-0.150388
-1.16824	-0.333733
-1.29142	-0.187517
-1.37479	-0.263935
-1.28913	-0.272461
-1.24622	-0.168171
-1.29565	-0.161048
-1.13601	-0.348679
-1.00945	-0.191463
-0.802838	-0.396192
-0.663271	-0.41543
-0.648817	-0.509456
-0.882435	-0.415339
-0.786666	-0.346279
-0.849103	-0.356457
-0.597933	-0.295617
-0.585273	-0.390829
-0.569744	-0.394699
-0.666306	-0.483419
-0.484399	-0.286396
-0.54455	-0.298744
-0.747782	-0.243495
-0.70229	-0.257871
-0.821539	-0.0591503
-0.656611	-0.0271965
-0.21856	0.199949
-0.264746	0.488683
-0.716199	0.651715
-0.745621	0.625172
-0.516124	0.507291
-0.521906	0.50206
-0.506353	0.449493
-0.514302	0.257448
-0.31449	-0.223301
-0.480902	-0.0118457
-0.0932328	0.0673388
0.0435355	0.0368689
-0.195944	-0.036107
-0.293954	-0.0272282
-0.375045	0.0398073
-0.579739	0.552303
-0.701445	0.985752
-0.365828	1.01515
-0.301806	1.14494
-0.190149	0.873562
-0.247075	0.611364
-0.583538	0.546543
-0.582083	0.298514
-0.796816	0.22303
-0.837103	0.0511643
-0.872116	-0.0596535
-0.854978	-0.0747149
-0.824798	-0.219042
-0.748288	-0.145007
-0.706121	-0.0512092
-0.558094	-0.124911
-0.400617	0.346282
-0.290071	0.281697
-0.424614	-0.115855
-0.509691	-0.33052
-0.318748	-0.132608
-0.788735	-0.220922
-0.799199	-0.248791
-0.67834	-0.306273
-0.647422	-0.448102
-0.861478	-0.367221
-0.804753	-0.457527
-0.763497	-0.515678
-0.863062	-0.583373
-0.844524	-0.456355
-0.620315	-0.371588
0.0101877	-0.411534
0.220914	-0.376109
0.190724	-0.254754
0.0636491	-0.263763
-0.00948701	0.0866402
0.0134065	0.401838
0.1037	0.646619
-0.0405077	0.654085
-0.123536	0.668146
-0.217506	0.760855
-0.296917	0.799836
-0.196457	0.768983
-0.0968992	0.653029
-0.153539	0.531451
-0.216262	0.318872
-0.397286	0.256559
-0.593694	0.322675
-0.734321	0.0283999
-0.84258	-0.0343339
-0.87658	-0.0886034
-0.644318	-0.0307453
-0.597068	-0.0341313
-0.703044	0.084623
-0.671494	0.0942626
-0.440741	-0.192466
-0.839465	-0.259582
-0.70781	-0.440863
-0.67488	-0.5969
-0.854618	-0.24922
-0.681397	-0.0341664
-0.502897	0.217791
-0.725246	0.0598865
-0.800882	-0.0584367
-1.01847	0.0140428
-1.02604	0.421501
-1.01801	0.370282
-0.856671	0.218042
-0.848454	0.232755
-0.994006	0.241226
-1.06236	0.273542
-0.939298	0.198479
-1.11172	-0.0340161
-1.18336	-0.251242
-0.781797	0.122755
-0.804777	0.240833
-0.902364	0.359456
-0.678592	0.287428
-0.814424	0.404859
-0.860415	0.687526
-0.676089	0.823071
-0.588356	0.894466
-0.50582	1.02797
-0.113302	0.957557
-0.629356	0.559511
-0.44986	-0.194625
-0.584553	0.0366949
-0.720851	-0.0605724
-0.634628	-0.267723
-0.532205	-0.0642269
-0.598817	-0.184155
-0.606518	-0.268247
-1.22118	-0.489224
-1.24871	-0.702629
-1.21804	-0.276934
-1.16004	-0.414
-1.04655	-0.354241
-0.971886	-0.426638
-1.06908	-0.474703
-1.14448	-0.582548
-0.890545	-0.549645
-0.890926	-0.64081
-0.787223	-0.482669
-0.771033	-0.464996
-0.693606	-0.536525
-0.559733	-0.581377
-0.766162	-0.559548
-0.59686	-0.764081
-0.914002	-0.490901
-0.728419	-0.63198
-0.588237	-0.450477
-0.70265	-0.400069
-0.610935	-0.44891
-0.731253	-0.405156
-0.686858	-0.2222
-0.820708	-0.152163
-0.659686	-0.292754
-0.600036	-0.265412
-0.681293	-0.120495
-0.709022	-0.178663
-0.85845	-0.234202
-0.831831	-0.302501
-0.76841	-0.54722
-0.761151	-0.413524
-0.828072	-0.385239
-0.91769	-0.211772
-0.767777	-0.207634
-0.647056	-0.32427
-0.606799	-0.317541
-0.683481	-0.356281
-0.715542	-0.214447
-0.764955	0.0299999
-0.260105	0.87422
-0.0963821	0.98358
0.210603	1.1494
0.0689025	1.11271
-0.0691775	1.28227
0.140411	1.21386
0.0654103	1.11516
0.0372293	1.0332
0.160449	0.753946
-0.775505	0.220527
-0.682422	0.427375
-0.41084	0.584797
-0.460852	0.73439
-0.401381	0.610493
-0.379629	0.749742
-0.0865289	0.380601
-0.0261145	0.196502
-0.506467	0.165455
-0.728041	0.186917
-0.745031	-0.0498151
-0.209531	-0.569588
0.109167	-0.602356
0.392676	-0.593289
0.12605	-0.459654
0.171281	-0.42818
0.388454	-0.370853
0.22216	-0.12474
0.365435	0.194457
0.792679	0.620332
0.628278	0.468222
0.317697	0.159897
0.163422	-0.166382
-0.180013	0.0327495
-0.251369	-0.0760602
0.0574316	0.234853
0.240572	0.428617
0.176228	0.317966
0.0794103	0.301246
-0.0222533	0.0316094
-0.305247	0.164968
-0.252823	0.0593009
-0.301769	-0.00109938
-0.453322	-0.0808605
-0.456503	-0.183854
-0.727094	0.0633157
-0.754145	0.118744
-0.360161	-0.146182
-0.133274	-0.255713
0.367795	0.306329
0.520758	0.4752
0.269672	0.467314
0.303981	0.216707
-0.100766	0.323818
-0.434111	0.356726
-0.602988	0.0563348
-0.336712	-0.270218
-0.367624	-0.292724
-0.53082	-0.0328412
-0.430856	-0.23139
-0.387063	-0.320816
-0.578286	-0.175188
-0.675499	-0.303842
-0.651719	-0.201283
-0.496608	-0.287038
-0.198239	-0.166813
-0.0685101	-0.0948209
-0.250901	0.359236
-0.230571	0.501407
-0.209338	0.83758
-0.176604	0.923281
-0.2724	1.10028
-0.421419	0.856452
-0.362574	0.790307
-0.321901	0.867683
-0.0281362	0.627583
-0.272209	0.621433
-0.259011	0.409162
-0.154533	0.407651
-0.173636	0.340871
-0.497684	0.199518
-0.555824	0.26909
-0.680109	0.375465
-0.86073	0.337546
-0.876251	0.451964
-0.833751	0.272768
-0.658261	0.274711
0.129269	-0.0834018
0.26267	-0.0945745
0.265394	-0.242683
0.00302878	-0.215223
-0.0888889	-0.602401
0.158372	-0.7585
0.0124238	-0.53759
-0.0896428	-0.504456
-0.407353	-0.351354
-0.687787	-0.304365
-0.592824	-0.0814159
-0.568736	0.0722698
-0.284197	0.171188
-0.1655	0.538884
-0.18015	0.473385
-0.230731	0.549245
-0.122955	0.45138
-0.311302	0.507001
-0.321898	0.615177
-0.152138	0.561626
-0.100657	0.60419
0.0132904	0.340924
-0.568789	-0.0668311
-0.531833	0.0189623
-0.618375	0.513308
-0.472779	0.552569
-0.718976	0.716387
-0.709187	0.802571
-0.720891	1.02592
-0.602486	1.07192
-0.685857	1.16489
-0.715569	0.997702
-0.740991	0.973177
-0.702902	0.641953
-0.825048	0.414898
-0.999476	-0.0092996
-0.99573	-0.221011
-1.08099	-0.169821
-1.10971	-0.17116
-0.886409	-0.137829
-0.363543	-0.590629
-0.288464	-0.191994
-0.483404	-0.0714179
-0.506593	0.0997171
-0.418838	-0.133116
-0.649347	-0.0975475
-0.825994	-0.65612
-0.872409	-0.841533
-0.621289	-0.681124
-0.971481	-0.492849
-0.885858	-0.584458
-0.778222	-0.522581
-0.439483	-0.480501
-0.695628	-0.297472
-0.630502	-0.606169
-0.646528	-0.479108
-0.600079	-0.514206
-0.432511	-0.56285
-0.429647	-0.506569
-0.374888	-0.510918
0.502013	-0.0677889
-0.326263	-0.191511
-0.31956	-0.271955
-0.271881	-0.326523
-0.414494	-0.415179
-0.739139	-0.390693
-0.808969	-0.37354
-0.6159	-0.412877
-0.550031	-0.361013
-0.425958	-0.295528
-0.351851	-0.0571867
-0.55801	0.259683
-0.188415	0.3391
-0.269579	-0.130034
-0.290835	-0.0865619
-0.0789395	-0.0727409
-0.185126	-0.161075
-0.408007	-0.574163
-0.342635	-0.6789
-0.303841	-0.798972
-0.323369	-0.617178
-0.17666	-0.30435
-0.0238341	0.236953
-0.277867	0.36502
-0.208944	0.156169
0.177638	0.148711
0.54872	0.324947
0.737269	0.331603
0.505907	0.225221
0.122147	0.179476
-0.0336039	0.0364964
-0.14383	0.276241
-0.335942	0.349543
-0.344589	0.00677528
-0.496429	-0.140657
-0.538188	-0.285394
-0.575509	-0.368009
-0.152513	-0.390195
0.100433	-0.329018
0.104344	-0.312414
0.0122288	-0.353721
-0.200788	-0.333959
-0.0356208	0.102106
0.306357	0.374709
0.367702	0.529682
0.3778	0.340586
0.200476	0.517642
-0.0585548	0.510155
-0.164264	0.434736
-0.273382	0.0926055
-0.145534	-0.191048
-0.0730641	0.0886906
-0.263463	0.0400551
-0.383699	0.0930572
-0.369798	0.131289
-0.300537	0.0633888
-0.511872	0.132063
-0.544744	-0.0589828
-0.731696	-0.337962
-0.618946	-0.4993
-0.803943	-0.401192
-0.69933	-0.484459
-0.72474	-0.472019
-0.713202	-0.238621
-0.694514	-0.27656
-0.649568	-0.398842
-0.620111	-0.303846
-0.725268	-0.270712
-0.763454	-0.32891
-0.464697	-0.136488
-0.198178	-0.00274591
-0.377869	-0.18724
-0.413635	-0.106103
-0.32824	-0.0790975
-0.18046	-0.22665
-0.440386	-0.0418852
-0.627759	-0.0752805
-0.696803	-0.225829
-0.710245	-0.329179
-0.694186	-0.265959
-0.619681	0.00554269
-0.550228	-0.186372
-0.713738	-0.232005
-0.766564	-0.0281703
-0.662025	-0.149509
-0.662291	-0.384166
-0.806867	-0.471611
-0.687872	-0.369372
-0.76484	-0.395762
-0.824724	-0.37216
-0.637198	-0.131748
-0.460596	-0.182567
-0.593056	-0.217267
-0.67074	-0.232614
-0.627152	-0.109956
-0.660994	-0.470806
-0.562223	-0.306449
-0.643698	-0.369491
-0.917189	-0.504488
-0.933093	-0.152693
-0.973943	-0.163199
-0.39829	-0.112845
-0.0674275	0.0854243
-0.100795	0.135076
-0.363516	0.212142
-0.39918	0.293825
-0.544713	0.485502
-0.743002	0.712006
-0.835113	0.657697
-0.493832	0.413654
-0.587377	0.733794
-0.461316	0.470424
-0.112977	0.296709
-0.230037	0.163337
-0.508535	0.25263
-0.505513	0.308212
-0.317509	0.858786
-0.425903	1.11399
-0.294734	1.29489
-0.121626	1.1868
-0.218915	1.16629
-0.381022	0.803537
-0.0960819	0.260048
0.072165	0.05897
0.00828437	0.325524
0.125413	0.493695
-0.00711226	0.363636
-0.107858	0.14891
0.0454698	0.105695
-0.208228	-0.222683
-0.59455	-0.235697
-0.641867	-0.262039
-0.601341	-0.267996
-0.00125222	-0.455693
0.103743	-0.57129
0.0973715	-0.37889
0.00946302	-0.0499359
0.0838333	0.112581
0.371884	0.214194
0.104649	0.458467
-0.0440562	0.551429
-0.191425	0.722633
-0.216078	0.767895
-0.231384	0.665468
-0.288041	0.678246
-0.264251	0.750151
-0.188886	0.633921
0.263731	0.337605
0.608003	0.341363
0.286842	0.619638
-0.0104854	0.401911
0.0579569	0.0549964
-0.00270466	0.279595
-0.124845	0.736624
0.167034	0.555161
0.258775	0.674658
0.290828	0.680884
0.370136	0.703236
0.431438	0.589134
0.385163	0.582016
0.0521069	0.63068
-0.47393	0.645175
-0.521815	0.238945
-0.720514	0.183811
-0.827895	0.270121
-0.732057	0.427108
-0.751199	0.274191
-0.756086	0.143235
-0.91998	0.219537
-0.867567	0.478075
-0.974354	0.74749
-0.981896	0.551291
-0.601896	0.233925
-0.26498	0.382981
-0.344596	0.0932275
-0.000275213	-0.117321
-0.288621	-0.114979
-0.313642	-0.283571
-0.729062	-0.283778
-0.555302	-0.13793
-0.491199	-0.0306798
-0.369372	0.0528422
-0.50411	0.0934962
-0.580878	0.512699
-0.629088	0.612426
-0.668251	0.513032
-0.562482	0.255297
-0.199882	0.0549926
0.118495	-0.0577668
-0.157191	-0.0789757
0.0868723	0.125643
0.0932529	0.0882126
-0.343772	-0.0263727
-0.360266	0.229665
-0.247883	0.427945
-0.558689	0.453764
-0.744806	0.52534
-0.73743	0.572612
-0.656097	0.516677
-0.689425	0.560785
-0.495733	1.1
-0.233872	1.04614
-0.0462811	0.899874
-0.0321423	0.966176
-0.0984395	0.973099
-0.362134	0.842299
-0.34694	0.640644
-0.574466	0.396894
-0.631368	0.0945554
-0.814452	0.00709088
-0.777837	-0.284482
-0.813083	-0.32598
-1.00187	-0.377614
-1.08324	-0.240982
-1.05776	-0.153473
-0.996737	-0.0994283
-0.866839	0.0516858
-0.488077	0.192849
-0.316935	0.238748
-0.557656	0.320653
-0.377305	0.0449566
-0.421498	-0.126967
-0.535318	-0.138773
-0.472548	0.0310309
-0.36623	0.252415
-0.457178	0.352753
-0.73219	0.079335
-0.91342	0.087477
-1.08025	0.168201
-0.840703	-0.077476
-0.785917	0.277429
-0.576118	0.355496
-0.310749	0.175396
-0.527603	-0.061192
-0.520044	-0.0133692
-0.334137	-0.0263375
-0.381586	-0.0558477
-0.335632	0.065452
-0.0961883	0.0136263
-0.307569	0.0114432
-0.0987632	-0.173345
-0.0870037	-0.142531
-0.0817032	0.0232657
-0.124139	0.482628
-0.281105	0.303797
-0.109213	-0.081436
-0.125659	-0.129556
-0.0499916	-0.0299532
0.152628	-0.00598053
0.119761	0.104868
-0.00132166	-0.046197
-0.209643	-0.348021
-0.022959	-0.0168546
-0.57131	-0.260833
-0.826486	-0.257403
-0.580633	-0.0413101
-0.676929	-0.34459
-0.437127	-0.407093
-0.867578	-0.311823
-0.55352	-0.350069
-0.648508	-0.464441
-0.640596	-0.218695
-0.429451	-0.336314
-0.424335	-0.21524
-0.464513	-0.247835
-0.510941	-0.217851
-0.505702	-0.394616
-0.636021	-0.294202
-0.580569	-0.123261
-0.611028	-0.18398
-0.890059	-0.197872
-0.72122	-0.2618
-0.756819	-0.352356
-0.575552	-0.239141
-0.618963	-0.274791
-0.738002	-0.265124
-0.653758	-0.392903
-1.09897	-0.37845
-0.877055	-0.444004
-0.666942	-0.403068
-0.607914	-0.280297
-0.688557	-0.429927
-0.655898	-0.342524
-0.982052	-0.338201
-0.894905	-0.337449
-0.542029	-0.162605
-0.411247	-0.173374
-0.668198	-0.181049
-1.04379	-0.184706
-0.522253	-0.123713
-0.574163	-0.252506
-0.700414	-0.250335
0.12488	0.0581146
0.107878	0.256429
-0.301486	-0.128352
-0.546179	-0.169665
-0.714466	-0.109408
-0.921836	0.167893
-0.849489	-0.217837
-0.891851	0.149063
-1.21582	0.803861
-0.935424	0.580907
-0.167197	-0.272171
-0.203722	-0.206675
-0.154231	-0.0878071
-0.292982	0.12266
-0.424256	-0.00959143
-0.635199	-0.0579827
-0.824124	-0.0623194
-0.91903	-0.167607
-0.765431	-0.236936
-0.479237	-0.182947
-0.112373	-0.0197806
0.0282936	-0.255866
0.134186	-0.11182
-0.0222208	-0.0199922
0.0331213	-0.00569363
0.0308001	0.207531
0.101461	0.275999
-0.0402815	0.267903
-0.17773	0.180308
-0.117566	0.0472212
-0.0994308	-0.282005
-0.555343	-0.223452
-0.476388	-0.325458
-0.390178	-0.47081
-0.479954	-0.238114
-0.738366	0.0376547
-0.453174	0.276744
-0.808874	0.294931
-0.994934	0.264259
-0.774888	-0.0046161
-0.740865	0.281112
-0.62426	0.427944
-0.789485	0.010411
-0.4604	0.104427
-0.813305	0.277619
-0.87319	0.133282
-0.774083	-0.0331632
-0.802016	-0.0348882
-0.959975	0.0350639
-1.10261	0.0379969
-1.16064	0.0206666
-1.0149	0.10087
-0.850902	0.199834
-0.577462	0.327322
-0.261266	0.422355
-0.134284	0.526244
0.0765069	0.597562
0.306237	0.449015
0.155991	0.313187
0.0775827	0.167716
-0.220433	0.322082
-0.106985	0.287113
-0.173319	0.425493
-0.212153	0.541022
-0.2874	0.416398
-0.552017	0.139803
-0.65632	-0.106772
-0.608352	-0.142026
-0.715934	-0.18316
-0.66996	-0.0891858
-0.691375	0.0900281
-0.583554	-0.0159101
-0.923599	0.0233212
-0.623786	-0.175845
-0.53392	0.056476
-0.75472	-0.0807065
-0.725146	0.135809
-0.806019	0.361546
-0.615352	-0.0158323
-0.512679	-0.1118
-0.70711	-0.00467018
-0.591772	-0.0574187
-0.770468	-0.160627
-0.694996	-0.225878
-0.637741	-0.112682
-0.53961	-0.177404
-0.790436	-0.293256
-0.837385	-0.189007
-0.748801	-0.310157
-0.670658	-0.171405
-0.695237	-0.111098
-0.651135	-0.131099
-0.758945	-0.313765
-0.655732	-0.312009
-0.718461	-0.283553
-0.631425	-0.368679
-0.687225	-0.526649
-0.750805	-0.418168
-0.7327	-0.436701
-0.797432	-0.269066
-0.69436	-0.36761
-0.734141	-0.327706
-0.5692	-0.274649
-0.739376	-0.209086
-0.498217	-0.0611049
-0.728831	-0.247394
-0.719458	-0.250902
-0.661021	-0.473592
-0.796465	-0.439637
-0.781022	-0.384516
-0.777619	-0.388581
-0.504593	-0.0704136
-0.477779	-0.226417
-0.816657	-0.44993
-0.87281	-0.317544
-1.14535	-0.0749997
-1.01362	-0.0490922
-0.761634	0.157836
-0.324361	0.133261
-0.682003	0.175961
-0.497935	0.00125931
-0.369094	0.0844615
-0.237768	0.144453
-0.0237999	0.200989
0.255832	0.120157
0.258021	0.093273
0.0663636	0.187214
-0.587328	0.345784
-0.438958	-0.0202261
-0.642699	-0.351696
-1.04393	-0.340927
-1.14076	-0.225251
-1.46304	-0.0341599
-1.21207	0.0725419
-0.886524	0.318058
-0.577674	0.385861
-0.805587	0.165083
-0.820125	-0.155015
-0.993366	-0.352229
-0.953611	-0.741398
-0.753932	-0.385421
-0.455582	-0.372974
-0.625068	-0.146941
-0.599909	0.070232
-0.564265	0.107167
-0.596489	0.0354308
-0.902433	-0.232068
-0.746187	-0.138657
-0.828905	-0.203765
-1.01977	-0.124056
-0.5886	0.0556108
-0.354011	0.117033
0.0777144	0.041563
-0.156975	0.0916
-0.0687678	0.144935
-0.21856	0.445052
-0.21279	0.686652
-0.19043	0.85635
-0.167286	0.931108
-0.141182	1.00208
-0.154979	1.11742
-0.266527	0.969661
-0.389796	0.879757
-0.744309	0.733144
-0.913204	0.568228
-0.765119	0.377774
-0.817206	0.232951
-0.883752	0.0755949
-0.997695	-0.0957328
-0.893424	-0.334409
-0.852266	-0.410614
-0.835684	-0.483815
-0.680332	-0.556443
-0.61865	-0.510701
-0.723554	-0.307839
-0.662754	-0.385866
-0.7523	-0.316388
-0.855763	-0.224724
-0.97605	-0.236256
-1.0865	-0.0518084
-1.1397	0.192123
-1.18844	0.35143
-1.19073	0.382747
-1.27515	0.788647
-1.19313	0.872157
-1.26968	0.994097
-1.1032	0.823837
-1.00184	0.65914
-0.973088	0.593864
-0.938193	0.531016
-0.863834	0.201042
-0.966562	0.113271
-0.76457	0.192399
-0.644755	-0.0704437
-0.731261	-0.149166
-0.801042	-0.221614
-0.630216	-0.0603013
-0.456138	0.0878485
-0.183619	0.0609458
-0.379615	0.118833
-0.530211	0.21329
-0.549734	0.199504
-0.678315	0.184022
-0.564451	0.181714
-0.552453	0.248089
-0.457377	0.281783
-0.380445	0.47998
0.0345413	0.423614
0.302035	0.340053
0.565368	0.365096
0.272125	0.445393
-0.328833	0.514751
-0.578488	0.5884
-0.495398	0.757297
-0.53373	0.647418
-0.386826	0.429321
-0.507454	0.469749
-0.48879	0.505084
-0.463214	0.266259
-0.476651	0.336856
-0.509336	0.346194
-0.5738	0.314124
-0.412564	0.196194
-0.574994	0.336765
-0.902776	0.410767
-0.836688	0.684682
-0.849694	0.837795
-0.692093	0.675238
-0.606632	0.591838
-0.624596	0.535292
-0.604109	0.496302
-0.659037	0.457958
-0.492809	0.241479
-0.248409	0.459296
-0.341778	0.432709
-0.208964	0.337111
-0.230055	-0.10152
-0.0970258	-0.221683
-0.383795	-0.0419716
-0.352665	-0.577311
-0.460419	-0.553426
-0.489944	-0.485465
-0.530216	-0.565183
-0.58778	-0.599085
-0.425499	-0.582569
-0.427094	-0.652292
-0.21682	-0.618846
-0.221839	-0.498714
-0.377236	-0.399014
-0.389849	-0.457308
-0.341436	-0.560638
-0.179188	-0.556909
-0.0512165	-0.368511
-0.386786	-0.120743
-0.588644	-0.0517385
-0.728035	-0.101741
-0.734667	-0.152578
-0.800333	-0.196724
-0.62753	-0.211131
-0.427865	-0.239282
-0.47271	-0.348039
-0.489152	-0.232226
-0.538397	-0.154268
-0.701309	-0.198135
-0.392476	-0.213565
-0.489511	-0.0198008
-1.1499	0.20244
-0.655708	-0.00692005
-0.731152	0.0998647
-0.40793	0.0590919
-0.358862	0.365939
-0.44474	0.0196988
-0.114133	0.180071
-0.34313	0.423395
-0.197159	0.660243
-0.444686	0.712987
-0.490042	0.589123
-0.325984	0.506491
-0.171061	0.408397
0.0881714	0.264912
0.0749609	0.341942
-0.0901851	0.158733
-0.338841	0.242515
-0.583071	0.160408
-0.64054	0.0738678
-0.913796	-0.0379444
-0.989096	-0.0874918
-0.989281	-0.14647
-0.990619	-0.185789
-1.19441	-0.0139298
-1.16419	0.111567
-1.14432	0.22574
-1.01343	0.437493
-0.452433	0.250059
-0.276456	-0.0171774
-0.549227	0.111714
-0.732524	0.24271
-0.737598	0.383991
-0.618541	0.534539
-0.587452	0.553891
-0.517765	0.689721
-0.566477	0.796915
-0.613421	0.770496
-0.511266	0.647301
-0.472586	0.389062
-0.300278	0.0013487
-0.437606	-0.112631
-0.675789	-0.11253
-0.749836	-0.0864511
-0.80021	-0.14251
-1.09652	0.0012705
-1.01375	0.0999442
-0.704103	-0.129656
-0.850162	-0.084693
-0.820321	0.0481707
-1.01053	0.0294087
-0.88791	0.170353
-1.12876	0.122532
-1.08821	-0.0851667
-1.14645	0.0621234
-1.13388	0.0378127
-1.19929	-0.121418
-0.869109	-0.121302
-1.19912	0.128688
-1.40443	0.00805767
-1.18652	-0.041321
-0.959147	0.0653726
-1.07265	-0.0282219
-0.664007	-0.00712215
-0.566215	-0.0881819
-0.337959	-0.162381
-0.556613	-0.438799
-0.599276	-0.210312
-0.640955	-0.283066
-0.715245	-0.254559
-0.737429	-0.302884
-0.760851	-0.414477
-0.774472	-0.305579
-0.434851	-0.402825
-0.628632	-0.407954
-0.65874	-0.400936
-0.609205	-0.303872
-0.679584	-0.331429
-0.755094	-0.213681
-0.713926	-0.439268
-0.82236	-0.323368
-0.785212	-0.438294
-0.694081	-0.459713
-0.581218	-0.324699
-0.656943	-0.226622
-0.774728	-0.375706
-0.668325	-0.271596
-0.567735	-0.185958
-0.657627	-0.101874
-0.897075	0.0479117
-0.913641	0.0169741
-0.811428	-0.0411484
-0.739262	0.0112244
-0.716964	-0.462889
-0.630929	-0.391603
-0.830091	0.0919892
-0.839324	0.126708
-0.426906	0.246355
-0.0139865	0.518011
0.143072	0.884834
0.359124	0.792207
0.358278	1.0456
0.281717	1.07675
0.156184	1.05383
0.20549	1.2279
0.238125	1.44907
-0.0739269	1.47791
-0.280569	1.5132
-0.499464	1.18677
-0.512577	0.952704
-0.349626	0.812369
-0.466379	0.830044
-0.78417	0.951628
-0.550083	0.709653
-0.556871	0.725713
-0.593315	0.770369
-0.539125	0.81797
-0.597785	1.2299
-0.0665266	1.43546
0.0698181	1.33309
0.13813	1.22655
0.342874	0.876391
0.290199	0.881932
0.255036	0.741162
-0.0700172	0.436366
-0.338127	0.532172
-0.27465	0.541407
-0.31073	0.609298
-0.282281	0.582032
-0.134876	0.403356
-0.125954	0.402884
-0.0837469	0.439356
0.100641	0.406275
0.0389829	0.523902
0.142767	0.550186
-0.150522	0.777592
-0.375573	0.93911
0.173495	1.17022
0.271128	1.15146
0.281422	1.1722
0.351698	1.29113
0.173997	1.55215
-0.251286	1.46727
-0.500112	1.17785
-0.208885	0.698255
-0.0112685	0.615281
0.0756633	0.329813
-0.0910525	0.369125
-0.520122	0.610218
-0.681347	0.691216
-0.600579	1.24795
-0.234205	1.49149
-0.0282852	1.44418
0.0786482	1.39722
0.0136898	1.35312
-0.129197	1.25349
-0.304649	0.92629
-0.250569	0.650756
-0.178274	0.573455
-0.114406	0.356542
-0.323861	0.284276
-0.262438	0.173022
-0.258322	0.162657
-0.216308	0.2394
-0.230081	0.308232
0.0118707	0.419145
0.154323	0.710032
0.297177	0.985969
0.556704	0.921408
0.677227	0.879442
0.474103	0.691853
0.453891	0.508397
0.437346	0.248393
0.423869	0.227201
0.43123	0.276211
0.341782	0.290686
0.267521	0.146193
0.292794	0.12899
0.188685	0.31052
-0.285013	-0.0443193
-0.541444	-0.0607734
-0.623722	-0.0211804
-0.713645	-0.323787
-0.762294	-0.307046
-0.53064	-0.215147
-0.556109	-0.32202
-0.630481	-0.385391
-0.334033	-0.229071
-0.502945	0.00498711
-0.760236	-0.0412486
-0.279782	0.0457545
0.0324733	-0.0478356
-0.0516323	-0.148795
-0.238665	-0.200155
0.026642	-0.214518
0.0107003	-0.401477
0.106179	-0.345928
0.0866287	-0.482592
-0.103914	-0.475552
-0.268961	-0.36798
-0.175006	-0.287811
-0.0701669	0.00242673
-0.302497	0.231378
-0.518637	0.138686
-0.490297	0.133238
-0.728995	0.232663
-0.807134	0.474885
-0.494514	0.304325
-0.607471	0.229109
-0.443091	0.216382
-0.258874	0.253464
-0.10498	0.207141
0.108435	0.179748
-0.0519479	0.0691584
0.0218847	0.123168
-0.164065	0.181725
-0.247785	0.44441
-0.625856	0.299015
-1.11713	0.289683
-1.22544	0.245376
-1.04459	0.135199
-0.474905	0.210453
-0.737297	0.136572
-0.896592	0.0868916
-0.903697	0.0431207
-1.03507	0.195626
-1.1196	0.195658
-1.1294	0.153648
-0.938375	0.183933
-0.931267	0.401229
-0.846983	0.478108
-0.751219	0.590129
-0.706813	0.681453
-0.787824	0.654451
-0.645578	0.654287
-0.0842615	0.273944
0.416476	0.197633
0.30518	0.0684577
0.215949	0.384814
-0.0414864	0.478601
-0.427808	0.502481
-0.368439	0.408539
-0.584663	0.558599
-0.389072	0.599559
-0.460518	0.595822
-0.620849	0.671001
-0.54426	0.529472
-0.464292	0.5628
-0.58242	0.509321
-0.451059	0.49659
-0.381374	0.807317
-0.107495	1.16018
-0.114571	1.4007
-0.184535	1.35012
-0.271803	1.194
-0.33727	0.97491
-0.235445	0.487306
-0.553411	0.413737
-0.676723	0.513852
-0.615775	0.447542
-0.486132	0.460786
-0.534732	0.535627
-0.447586	0.454535
-0.0225792	0.326763
-0.326247	0.376958
-0.323236	0.433964
-0.570571	0.753896
-0.286658	0.568987
0.223679	0.457523
0.018474	0.731356
-0.00340821	0.5413
-0.126174	0.242362
-0.15317	-0.0128947
-0.250353	-0.186101
-0.147258	-0.238236
-0.322595	-0.247303
-0.367174	-0.0881646
-0.296034	-0.237053
-0.195003	-0.429441
-0.319182	0.0282087
-0.220126	-0.0160341
-0.1837	0.293028
-0.226936	0.120017
-0.255289	0.143061
-0.322715	0.0949508
-0.161434	0.288846
-0.284273	0.178599
-0.429218	0.440217
-0.232907	0.198111
-0.263734	-0.00173241
-0.488078	0.136253
-0.560506	0.30837
-0.430953	0.112914
-0.250813	0.200507
-0.125674	0.210154
-0.438072	0.234843
-0.174379	0.379239
-0.179277	0.421109
-0.481399	0.334783
-0.517605	0.0845431
-0.555383	0.205254
-0.305668	0.520318
-0.175176	0.593424
-0.534232	0.134852
-0.912598	-0.0230606
-1.34419	0.110862
-1.10233	0.220842
-1.06473	0.421278
-0.771652	0.363799
-0.842389	0.385714
-0.930559	0.0759642
-0.706592	0.230496
-0.719203	0.276306
-0.717573	0.133361
-0.805236	-0.110015
-0.533917	0.0401812
-0.616551	-0.0217504
-0.915709	-0.174412
-0.818334	-0.103078
-0.75599	-0.226456
-0.852081	-0.228703
-0.78194	-0.3004
-0.690581	-0.0743844
-0.546064	0.0326121
-0.491304	-0.182512
-0.586839	-0.246316
-0.631606	-0.261593
-0.571247	-0.200198
-0.494276	-0.295412
-0.670018	-0.275238
-0.774832	-0.205508
-0.706946	-0.36385
-0.738308	-0.148921
-0.816052	-0.290987
-0.560529	-0.143094
-0.557921	-0.233758
-0.773724	-0.335542
-0.737009	-0.409294
-0.666832	-0.549065
-0.734453	-0.424525
-0.782865	-0.383975
-0.824639	-0.191246
-0.978275	-0.318522
-1.10683	-0.395411
-0.72645	-0.429283
-0.841715	-0.350036
-0.835076	-0.261505
-0.526645	0.0208013
-0.363026	0.502465
-0.708273	0.606663
-0.793701	0.445863
-0.540413	0.403554
-0.606272	0.4879
-0.745366	0.487888
-0.535419	0.373892
-0.676871	0.417772
-0.750185	0.113346
-0.573458	0.217947
-0.464952	0.244081
-0.310762	0.0986593
-0.350152	0.121954
-0.498127	0.159451
-0.310785	0.0906356
-0.156311	0.265744
-0.402276	0.353985
-0.428089	0.00422322
-0.466123	0.108865
-0.424015	0.0282891
-0.382579	-0.111695
-0.259832	-0.0177086
-0.555362	0.0071961
-0.32749	0.0201282
0.142186	0.204822
-0.380842	0.122032
-0.633635	0.345741
-0.714144	0.425375
-0.723441	0.543181
-0.458245	0.294807
0.0741454	0.13142
0.195467	0.0488707
-0.088853	0.0830486
-0.400214	0.0321873
-0.471777	-0.322925
-0.476727	-0.395867
-0.60463	-0.204199
-0.723178	-0.368789
-0.481832	0.0282627
-0.470973	0.479793
-0.610701	0.617604
-0.681028	0.443348
-0.771652	0.179384
-0.761153	0.0568789
-0.876489	-0.0414729
-0.725523	0.165325
-0.796113	0.490009
-0.726786	0.373848
-0.696094	0.0653842
-0.706786	-0.136057
-0.512239	0.0276913
-0.3658	0.209664
-0.403137	0.410983
-0.522226	0.521197
-0.43004	0.291603
-0.44774	0.237499
-0.168227	0.230108
0.0613674	0.269649
-0.19863	0.117407
-0.497503	-0.111324
-0.635783	0.146715
-0.617017	0.083335
-0.777605	-0.0846799
-0.799156	-0.254402
-1.01986	-0.412812
-0.961234	-0.365606
-0.717295	-0.0511553
-0.719118	-0.0198879
-0.35346	-0.121102
0.0628728	0.23525
0.340111	0.295377
0.450183	0.432758
0.613447	0.148141
0.532195	0.242669
0.0940991	0.26296
-0.100545	0.13862
-0.275867	0.761506
-0.581803	0.0899702
-0.330893	-0.0546305
-0.025414	0.219316
0.2125	0.683336
0.155871	0.888856
0.139627	0.741327
0.313465	0.860483
0.163116	0.926421
0.166111	0.857536
-0.0204411	0.892678
0.00493471	0.870061
0.0917511	0.582263
-0.137742	0.448914
-0.0732963	0.0743707
0.0378642	0.0743088
-0.205545	0.127399
-0.368328	0.107814
-0.28667	0.229373
-0.12522	0.00572588
-0.0649261	0.276339
-0.290383	0.338419
-0.555111	0.543539
-0.529528	0.301262
-0.417415	0.324103
-0.5497	0.38111
-0.656438	0.520819
-0.825255	0.424876
-0.662218	0.336736
-0.57329	0.360543
-0.356729	0.503624
-0.149894	0.770071
-0.140864	1.07459
-0.322267	1.38508
-0.852071	1.00105
-0.736921	0.398863
0.0614946	0.380761
-0.0782218	0.282937
-0.0781047	0.280071
-0.318344	0.381887
-0.271458	0.25423
-0.304232	0.285887
-0.524566	0.263985
-0.513571	0.219756
-0.134067	0.254821
0.277721	0.503966
0.481601	0.56536
0.400856	0.367759
0.417423	0.29685
0.163117	0.260515
0.117561	0.121735
0.0562497	0.0491689
-0.352652	0.353183
-0.149143	0.368123
-0.508814	0.222608
-0.907447	0.718482
-1.05719	0.466478
-0.65646	0.22732
-0.766905	0.141199
-0.742731	-0.095797
-0.685535	-0.298944
-0.623027	-0.424798
-0.589797	-0.237413
-0.630295	-0.14547
-0.388496	-0.220064
-0.460793	0.107374
-0.351165	0.142317
-0.333918	0.207371
-0.474511	0.087965
-0.393613	0.192954
-0.685178	0.187895
-0.619631	0.133696
-0.807469	0.356091
-0.899239	0.201816
-0.890963	0.340019
-1.08518	0.250465
-0.971643	0.163595
-0.945704	0.328746
-0.895023	0.471101
-0.872087	0.458916
-0.929254	0.478574
-0.860946	0.398376
-0.85053	0.284276
-0.68251	0.205504
-0.579821	0.151857
-0.66236	-0.0993064
-0.549501	-0.376808
-0.766744	-0.324782
-0.742976	-0.594645
-0.674523	-0.471768
-0.631066	-0.368617
-0.415325	-0.388066
-0.616654	-0.404314
-0.549194	-0.355972
-0.670445	-0.273239
-0.701147	-0.525558
-0.910758	-0.532093
-0.792187	-0.592772
-0.835695	-0.508124
-0.788939	-0.412177
-0.856389	-0.254411
-0.896798	-0.328237
-0.842138	-0.46328
-0.997663	-0.53882
-0.90215	-0.584786
-0.819274	-0.567177
-1.02665	-0.590803
-1.06321	-0.781336
-0.907971	-0.642588
-0.919037	-0.399246
-1.29561	-0.431035
-1.08011	-0.348178
-0.765845	-0.428585
-0.61648	-0.0980471
-0.645736	-0.118841
-0.532767	-0.256015
-0.587411	-0.439737
-0.653998	-0.233691
-0.570639	-0.478955
-0.73484	-0.435762
-0.522374	-0.379403
-0.561619	-0.443213
-0.629254	-0.293751
-0.508212	-0.180095
-0.611376	-0.519012
-0.598724	-0.214865
-0.732558	-0.215557
-0.644646	-0.267943
-0.751823	-0.208087
-0.615959	-0.157111
-0.703542	-0.249756
-0.467567	0.462796
-0.29462	0.547089
-0.236487	-0.177673
-0.483277	-0.368863
-0.63601	-0.261397
-0.480678	-0.332394
-0.514212	-0.18825
-0.651788	0.0529222
-0.917051	0.308488
-1.08219	0.503256
-1.00339	-0.0993638
-0.675537	-0.0446338
-0.686148	0.214941
-0.498707	-0.127832
-0.52606	-0.0435138
-0.733333	0.395588
-0.693776	0.564211
-0.276343	0.495367
-0.174755	0.341893
-0.203921	0.191098
-0.417908	0.00805506
-0.254536	-0.106001
-0.53118	-0.0853834
-0.787297	-0.0768296
-0.760409	-0.166985
-0.851802	-0.0499063
-0.957723	-0.0888157
-1.02802	-0.184753
-1.11263	-0.100143
-1.07088	-0.0693908
-1.06288	0.0448269
-0.233678	-0.228162
-0.710181	-0.339307
-0.853773	-0.297646
-0.917784	-0.446142
-0.953519	-0.421016
-1.03174	-0.440978
-0.995718	-0.488069
-1.01637	-0.554553
-0.957611	-0.690678
-1.10694	-0.639486
-0.907182	-0.597071
-0.63041	-0.671873
-0.929536	-0.4651
-0.988515	-0.315982
-0.78153	-0.131475
-0.668649	-0.250602
-0.708507	-0.345192
-0.743572	-0.229049
-0.833254	0.033412
-0.778401	-0.205413
-0.89625	0.0297748
-0.834001	0.0972344
-0.897805	0.268447
-0.872307	0.292909
-0.824555	0.491863
-0.591041	0.431291
-0.456422	0.495409
-0.158346	0.446606
-0.113354	0.26851
-0.201796	0.203647
-0.370944	0.0633453
-0.571809	0.00542573
-0.859874	-0.282121
-1.14331	-0.739904
-0.959924	-0.358329
-0.567333	0.184847
-0.744467	0.247737
-0.549664	-0.0966938
-0.52462	-0.196132
-0.399469	-0.29541
-0.576008	-0.323591
-0.700253	-0.18954
-0.644723	-0.450386
-0.810731	-0.149622
-0.548593	-0.360248
-0.685195	-0.261051
-0.554428	-0.167809
-0.496485	-0.0573249
-0.24915	-0.15553
-0.192596	0.348549
-0.0535731	0.199265
-0.136595	0.00830267
-0.052526	0.26188
0.025785	0.0937708
0.151923	0.211934
-0.352618	0.159088
-0.293808	0.333204
-0.287677	0.565774
-0.0874627	0.413388
0.00953799	0.411904
-0.0317935	0.407986
-0.271364	0.285081
-0.772475	0.663808
-0.674166	0.63544
-0.633386	0.512371
-0.646045	0.547417
-0.419185	0.484579
-0.531083	0.542177
-0.340522	0.357701
-0.39694	0.336097
-0.827797	0.140817
-1.06016	0.48309
-1.21681	0.816168
-1.1252	0.94183
-1.09545	1.0194
-1.15818	1.1383
-0.9903	0.940251
-1.15104	0.980758
-0.945443	0.988291
-1.09319	0.874586
-0.874587	0.755542
-0.706367	0.417606
-0.792708	0.888058
-0.493037	0.794249
-0.289172	0.621432
0.0626681	0.620551
0.166738	0.663115
0.0402588	0.606767
0.00985409	0.651846
-0.414982	0.649367
-0.604771	0.947812
-0.658376	1.26226
-0.625142	1.55705
-0.3417	1.59185
-0.209136	1.40721
-0.237743	1.2886
-0.0463898	1.09503
-0.440055	0.670792
-0.2618	0.338026
-0.160974	0.0283027
-0.353726	0.0572109
-0.570576	-0.0168828
-0.612246	-0.232116
-1.01961	-0.354464
-0.643862	-0.234536
-0.61102	-0.0248167
-0.647647	-0.093431
-0.495991	-0.252071
-0.580572	-0.463506
-0.451317	-0.300207
-0.240656	-0.494051
-0.401416	-0.478642
-0.499122	-0.354432
-0.505666	-0.211878
-0.424899	-0.262332
-0.250195	-0.0634381
-0.0872696	-0.260411
-0.167438	-0.191405
-0.288355	-0.132682
-0.482994	-0.255102
-0.349397	-0.609144
-0.460085	-0.643357
-0.0628827	-0.287038
-0.107249	-0.208972
-0.242959	-0.626437
-0.250251	-0.599076
-0.295132	-0.680785
-0.229027	-0.723863
-0.283929	-0.633609
-0.185468	-0.59843
-0.307902	-0.445249
-0.190581	-0.546473
-0.259527	-0.242793
-0.290731	-0.277284
-0.435253	-0.290448
-0.265944	-0.389358
-0.697616	-0.189389
-0.551426	-0.134386
-0.552015	-0.0879952
-0.969139	-0.00200998
-0.693372	-0.0468176
-0.652803	-0.18936
-0.607675	-0.206731
-0.681807	-0.269816
-0.493522	-0.18171
-0.639408	-0.127108
-0.715715	-0.218466
-0.620109	-0.485735
-0.560352	-0.0755387
-0.838074	-0.430681
-0.6374	-0.106393
-0.879453	-0.253753
-0.676584	-0.41662
-0.822576	-0.291368
-1.0014	-0.236486
-0.801576	-0.0324763
-0.662296	-0.26489
-0.698874	-0.315195
-0.714278	-0.454331
-0.720835	-0.293602
-0.84475	-0.456138
-0.74882	-0.391168
-0.495584	-0.138226
-0.487589	-0.120813
-0.68688	-0.235542
-0.73828	-0.255221
-0.712458	-0.389701
-0.693539	-0.450115
-0.642245	-0.477742
-0.589143	-0.402951
-0.372145	-0.144654
0.107786	0.436451
0.368763	0.444466
0.186228	0.559275
0.292401	0.313077
0.523318	0.389803
0.298786	0.605488
0.00736925	0.771124
-0.088391	0.666361
-0.352224	0.508464
-0.383875	0.340302
-0.402642	0.308958
-0.403413	0.544018
-0.56371	0.398889
-0.390405	0.36171
-0.127397	0.424098
-0.330879	0.35201
-0.38219	0.0213007
-0.517624	-0.172242
-0.510282	-0.14469
-0.600521	0.189698
-0.288448	0.274287
-0.0382789	0.570265
-0.248184	0.571941
-0.187297	0.735667
-0.222082	0.715674
0.0108275	0.408978
-0.137851	0.161165
-0.154392	-0.0833812
-0.351881	-0.374507
-0.434341	-0.224622
-0.284929	0.174192
-0.149761	0.0223719
-0.191026	-0.189277
-0.377708	-0.109392
-0.499187	-0.194398
-0.446996	-0.337256
-0.956676	0.08525
-1.25758	0.00270704
-0.61894	-0.0853047
0.0267553	0.0718796
-0.266973	0.190885
-0.493055	0.213335
-0.682337	0.238103
-0.665852	0.244374
-0.723456	0.278256
-0.872546	0.382693
-0.88923	0.2368
-0.740657	0.207766
-0.695311	0.0584341
-0.671022	0.00143346
-0.379843	-0.0874271
-0.488809	0.0796321
-0.459448	-0.143537
-0.324471	-0.41319
-0.296991	-0.506302
-0.237627	-0.692359
-0.248214	-0.575034
-0.297784	-0.561258
-0.351939	-0.596902
-0.339755	-0.483945
-0.366995	-0.448903
-0.356871	-0.451685
-0.392088	-0.477037
-0.232509	-0.449209
-0.126568	-0.406573
0.107169	-0.287449
0.202265	-0.0898515
0.158688	-0.0251197
0.219753	0.0654544
0.277743	-0.0425249
0.261905	-0.0569144
0.321062	-0.0154775
0.313585	0.103893
0.207116	0.210906
0.199366	0.258312
0.0658534	0.438829
0.0553677	0.482379
-0.21156	0.735928
-0.542404	0.65841
-0.590873	0.00249532
-0.581296	-0.143183
-0.168947	-0.238857
-0.124178	0.158939
-0.146963	0.127577
-0.408165	-0.0480767
-0.191235	0.272388
0.0730105	0.463021
-0.130988	0.513672
-0.156532	0.492932
-0.447156	0.438968
-0.550752	0.58734
-0.533029	0.555265
-0.462667	0.492786
-0.0701867	0.371272
-0.188212	0.0100674
-0.288678	-0.0958195
-0.491883	-0.293285
-0.408607	-0.381016
-0.433368	-0.141205
-0.4796	-0.327938
-0.366608	-0.360582
-0.288436	-0.164459
-0.339812	-0.342981
-0.199949	-0.451286
-0.229588	-0.256817
-0.415609	0.0872754
-0.175532	-0.316078
-0.0728124	-0.375994
-0.0165033	-0.476549
-0.0999624	-0.395015
-0.915762	0.291704
-0.990359	0.152701
-0.0916047	-0.0158459
-0.480762	-0.0998988
-0.292752	-0.0855532
-0.140744	-0.252198
-0.314702	-0.11844
-0.172426	-0.638384
-0.395449	-0.410746
-0.502754	-0.459669
-0.454621	-0.462121
-0.517602	-0.472584
-0.404353	-0.433233
-0.297322	-0.45209
-0.256966	-0.261739
-0.114724	-0.2998
-0.0983146	-0.302492
-0.136475	-0.238384
0.198874	-0.350702
0.00995338	-0.193389
0.0663122	-0.0513142
-0.131433	0.0737053
-0.0960094	0.182025
-0.480534	0.199321
-0.591903	0.300556
-0.608227	0.328205
-0.471002	0.260506
-0.523247	0.420359
-0.307018	0.258979
-0.267348	0.391471
-0.517601	0.407964
-0.456076	0.377442
-0.260053	0.416847
-0.385696	0.378853
-0.333319	0.225112
-0.397552	0.248588
-0.650667	0.395336
-0.548535	0.370809
-0.728465	0.259577
-0.725622	0.418134
-0.70822	0.272391
-0.884765	0.340487
-0.844039	0.278556
-0.999321	0.286781
-1.13049	0.0246121
-1.07438	0.00273374
-0.938305	-0.134296
-0.823321	-0.016403
-0.898885	-0.186185
-0.90617	-0.149687
-0.967772	-0.192408
-1.09534	-0.197078
-0.664087	-0.137955
-0.851978	-0.303915
-0.754316	-0.160097
-0.833097	-0.273245
-0.706255	-0.28301
-0.778817	-0.254392
-0.675593	-0.331783
-0.703697	-0.462038
-0.754755	-0.519482
-0.692861	-0.0295161
-0.631576	-0.0820265
-0.621485	-0.0362387
-0.584306	0.141907
-0.108356	0.13432
0.108817	0.0774306
0.0901742	0.283466
0.0578964	0.143419
0.14645	-0.0295799
0.082593	0.0660447
0.227259	0.173273
0.163247	0.140102
0.0714651	0.361459
0.0588584	0.399668
0.0473924	0.20508
-0.258658	0.144642
0.02764	0.276585
-0.0413987	0.825237
-0.0735927	0.935027
0.0171463	0.958059
0.0196296	0.857904
-0.0250801	0.696447
-0.185564	0.735684
-0.33114	0.655732
-0.469686	0.488241
-0.51239	0.580175
-0.471558	0.74582
-0.440309	0.750954
-0.453456	0.683904
-0.974296	0.733206
-0.884034	0.772929
-1.0825	0.466698
-1.32364	0.648027
-1.37163	0.493093
-1.42421	0.326645
-1.3557	0.479908
-1.4761	0.3517
-0.845652	0.553706
-0.729899	0.29766
-0.590798	0.273981
-0.492513	0.206607
-0.428358	0.187054
-0.41547	0.282021
-0.339367	0.341847
-0.0988118	-0.0206251
-0.243973	0.163714
-0.17234	0.0957713
-0.214446	0.102131
-0.220393	-0.0169172
-0.332619	0.177313
-0.51624	0.385035
-0.233677	0.474781
-0.10375	0.510275
-0.0704253	0.510634
-0.150741	0.485214
-0.160116	0.169728
-0.270507	0.267834
-0.282555	0.237292
-0.00823798	-0.0159216
-0.225355	0.0590265
-0.404565	-0.151638
-0.610285	-0.15808
-0.643575	-0.00578
-0.425935	0.217386
-0.249448	0.187416
-0.328756	0.0125163
-0.523654	0.273556
-0.679694	0.329186
-0.600844	0.00598317
-0.593693	0.0865334
-0.658077	0.157687
-0.603828	0.167989
-0.999797	-0.123873
-1.02378	-0.0525317
-0.992314	-0.0545875
-0.806585	-0.297156
-0.744856	-0.132397
-0.931283	-0.156735
-1.07727	-0.0870588
-1.0757	0.238241
-0.752937	0.607789
-0.45057	1.15633
-0.0532367	1.02348
0.0715099	0.887766
0.0904522	0.518922
-0.230408	0.326194
-0.439827	0.324527
-0.274113	0.432269
-0.394201	0.483706
-0.535825	0.486324
-0.439736	0.463049
-0.151574	0.431993
0.00816731	0.371687
0.184175	0.579687
0.3539	0.567171
0.267541	0.359221
0.371202	0.306673
0.404119	0.528201
-0.060644	0.925354
-0.326702	0.697403
-0.559137	0.851041
-0.555696	0.724526
-0.442662	0.503782
-0.150128	0.2224
0.145806	0.303251
-0.0804471	0.135093
0.0297806	0.0451574
-0.100929	0.19219
-0.65137	-0.158476
-0.70946	-0.114232
-0.713437	-0.194205
-0.505025	0.0438963
-0.0242553	0.273793
-0.300074	0.184097
-0.197342	0.122429
-0.033742	0.0912377
0.0957212	0.0889138
0.383058	0.0357207
0.633886	-0.0824987
0.22283	0.34941
-0.127993	-0.0727357
-0.153442	0.0426774
-0.0787329	0.0912114
-0.486622	-0.0979749
-0.566324	-0.245995
-0.564907	-0.339862
-0.526801	-0.154464
-0.676939	-0.233104
-0.604662	-0.0492127
-0.567169	-0.0504817
-0.777206	-0.263516
-0.757633	-0.302379
-0.48711	-0.282962
-0.389262	-0.292177
-0.474996	-0.0566351
-0.255779	0.0642878
0.383137	0.346709
0.240359	0.588349
0.246711	0.517136
0.0351557	0.50771
-0.0964369	0.363743
-0.192883	0.263231
-0.327916	0.373896
-0.371315	0.420746
-0.38809	0.312495
-0.511154	0.233221
-0.461394	0.173396
-0.276106	0.255619
-0.761653	0.349947
-0.772995	0.32762
-0.828021	0.350612
-0.700069	0.328189
-0.801804	0.535415
-0.708716	0.456581
-0.811005	0.431198
-0.765442	0.576491
-0.487378	0.479161
0.142437	0.417037
0.148281	0.308402
0.156735	0.29228
-0.273928	0.223792
-0.521872	0.46666
-0.445333	0.887429
-0.426215	1.1465
-0.304707	1.23459
-0.281891	1.28795
-0.22166	1.27081
-0.311804	1.1791
-0.350009	0.927363
-0.618704	0.871198
-0.665247	0.486815
-0.453766	0.297842
-0.148908	0.170178
0.0737223	0.13738
0.114198	0.203548
0.350287	0.150953
0.352424	0.286149
0.209877	0.386419
0.304245	0.494276
0.331434	0.240951
0.428063	-0.0876142
0.0747581	-0.0513079
-0.164933	0.0825015
-0.291173	0.158679
-0.380294	0.156078
-0.288949	0.0993642
-0.507308	0.0762201
-0.666721	-0.00116774
-0.636632	-0.0215152
-0.783555	0.117003
-0.454551	0.535358
-0.112976	0.438669
-0.390935	0.158047
-0.0986313	-0.148005
-0.0184066	-0.490705
-0.264853	-0.533594
-0.299851	-0.54754
-0.462666	-0.375077
-0.514986	-0.54319
-0.30091	-0.569826
-0.423521	-0.622457
-0.419978	-0.26248
-0.390771	-0.264889
-0.292772	-0.0874252
0.0153488	0.191274
0.486933	0.400957
0.649015	0.551919
0.581598	0.65324
0.612776	0.673153
0.474165	0.777438
0.348113	0.809049
0.357756	0.587673
0.206668	0.119201
0.0656416	-0.535101
-0.224762	-0.43711
-0.727387	-0.540295
-0.186908	-0.0847359
-0.474848	-0.0821223
-0.526103	0.0110593
-0.375167	-0.284304
-0.480179	-0.0895467
-0.339318	-0.156673
-0.174774	-0.292107
0.0830048	0.120911
0.00430961	-0.00549249
-0.66178	-0.0876386
-0.812527	-0.466449
-0.181393	-0.410815
-0.37297	-0.224455
-0.50664	-0.311453
-0.384607	-0.287966
-0.574513	-0.286235
-0.719835	-0.434813
-0.611903	-0.627338
-0.590478	-0.630356
-0.468124	-0.536787
-0.200161	-0.426094
-0.0337841	-0.120716
-0.161346	0.158562
-0.233359	0.0363137
-0.555322	-0.274967
-0.672938	-0.321562
-0.511158	-0.160912
-0.512192	-0.544112
-0.660785	-0.255832
-0.61217	-0.362359
-0.668622	-0.29439
-0.644243	-0.0403161
-0.845642	-0.00660199
-0.877281	0.0197647
-0.83479	-0.124889
-0.785605	-0.32734
-0.711881	-0.27321
-0.648538	-0.4054
-0.668593	-0.275026
-0.52063	-0.304311
-0.391416	-0.274742
-0.406404	-0.145487
-0.617476	0.0729843
-0.708067	0.0805748
-0.740821	0.0922822
-1.07699	0.239272
-1.26861	0.041802
-1.3657	0.0584715
-1.40383	-0.215928
-1.25738	-0.284796
-1.08527	-0.345267
-0.975866	-0.225295
-0.845788	-0.100791
-0.600321	-0.014029
-0.55378	-0.110542
-0.501443	-0.0540573
-0.477968	-0.000704858
-0.495471	-0.196551
-0.23095	-0.0585766
-0.315601	0.0656926
-0.693218	0.087737
-0.391481	0.100308
-0.27086	0.0436411
-0.525074	0.133863
-0.406458	0.0582966
-0.383127	-0.105758
-0.547269	-0.234492
-0.419465	-0.159231
-0.614558	0.0161313
-0.440413	-0.0522174
-0.472072	-0.259571
-0.588753	-0.263876
-0.577929	-0.22242
-0.460766	-0.400977
-0.42576	-0.199872
-0.548289	-0.202828
-0.547013	-0.37796
-0.695001	-0.191479
-0.693548	0.355502
-0.536488	0.283268
-0.318982	-0.46987
-0.236822	-0.458168
-0.401407	-0.323629
-1.10068	0.0585188
-0.76236	0.146447
-0.868066	0.132898
-0.505952	-0.0220694
-0.536902	-0.353228
-1.14523	-0.447102
-1.05143	-0.559121
-0.962301	-0.622454
-0.97654	-0.584988
-0.902121	-0.046365
-0.863945	0.166888
-0.507134	0.395011
-0.458497	0.404096
-0.424119	0.737805
-0.630132	0.554801
-0.326816	0.347573
0.114772	0.329723
-0.13612	0.300899
-0.357567	0.448033
-0.392539	0.440733
-0.353714	0.428576
-0.57403	0.627004
-0.424695	0.999614
-0.0475572	1.12756
0.087503	1.00281
0.189278	0.975129
0.186717	1.18318
-0.143892	1.06542
-0.352646	1.2707
-0.330296	1.35203
-0.4523	1.3316
-0.316659	1.09973
-0.314939	0.764565
-0.376001	0.528052
-0.375673	0.525551
-0.0328285	0.503022
0.216792	0.404474
0.214958	0.508831
0.0841373	0.538641
-0.187802	0.563211
-0.326634	0.517856
-0.405917	0.549346
-0.300351	0.322797
-0.321993	0.297924
-0.642835	0.313951
-0.731964	0.802696
-0.527738	1.12763
-0.509534	1.05679
-0.448007	0.697769
-0.186023	0.518604
-0.327787	0.404859
-0.4649	0.411302
-0.612474	0.479044
-0.50934	0.166891
-0.511056	0.186807
-0.511548	0.205586
-0.390463	-0.145727
-0.249825	-0.20499
-0.144802	-0.093553
-0.132513	0.0198606
-0.0572028	0.0462378
0.0863528	0.03951
0.0703519	-0.114224
0.170769	-0.123999
0.129973	-0.120183
0.230764	-0.172797
0.183074	-0.0457504
0.268174	-0.152603
0.261363	-0.0535029
0.135642	0.0287813
0.214765	0.0183598
0.263762	0.123293
0.247235	0.072943
0.233304	0.128377
0.125426	0.108797
0.142797	0.140496
0.0248748	0.241761
0.0909051	0.199963
0.0429783	0.0628285
-0.221248	-0.0375741
-0.16737	-0.359647
-0.231018	-0.264245
-0.145747	-0.204174
-0.211796	0.0597174
-0.520722	0.148808
-0.705816	0.235615
-0.793586	0.364806
-0.810483	0.395351
-0.88578	0.42648
-0.759892	0.262464
-0.743344	0.52086
-0.474728	0.622942
-0.389959	0.399371
-0.206451	0.293063
-0.50327	0.303844
-0.471326	0.591755
0.0701196	0.119148
-0.390665	-0.409476
-0.680876	-0.39554
-0.888999	-0.386628
-0.771287	-0.606728
-0.756846	-0.524974
-0.756427	-0.410717
-0.601992	-0.106362
-0.343221	0.222346
-0.304213	0.0817045
-0.277961	-0.0704845
-1.20867	0.0821605
-1.15427	0.147955
-0.614462	0.625959
-0.841702	0.522596
-0.747308	0.513454
-0.824785	0.444466
-0.683113	0.277295
-0.507677	0.175466
-0.267527	0.124302
-0.440932	0.251584
-0.28338	0.206267
-0.41682	0.178814
-0.405822	0.0804189
-0.521717	0.123804
-0.876128	-0.354027
-0.615004	-0.19347
-0.554433	-0.202026
-0.559445	-0.0541593
-0.48121	-0.0613262
-0.39428	-0.243511
-0.383015	-0.387418
-0.636096	-0.353207
-0.427934	-0.241914
-0.321108	-0.0471486
-0.404279	0.450449
-0.616715	0.664734
-0.267437	0.720819
-0.227933	0.837753
-0.225508	0.506261
-0.38492	0.456353
-0.17316	0.549827
-0.0567296	0.556606
-0.0979729	0.397324
-0.15358	0.360687
-0.310059	0.310227
-0.560912	0.20941
-0.743198	0.238179
-0.459331	-0.0471657
-0.501299	-0.378246
-0.420245	-0.555475
-0.321238	-0.509632
-0.686879	-0.363164
-0.571743	-0.474097
-0.456107	-0.481307
-0.408107	-0.332041
-0.632728	-0.465129
-0.32809	-0.495304
-0.22114	-0.53741
-0.0329395	-0.318674
-0.198872	-0.34983
-0.526151	-0.396099
-0.773486	-0.292742
-0.68844	-0.251728
-0.641507	-0.263725
-0.588447	-0.186833
-0.571431	-0.14924
-0.476539	-0.174959
-0.527739	-0.285672
-0.594001	-0.375041
-0.664133	-0.483792
-0.912448	-0.32135
-0.876481	-0.418988
-0.710775	-0.493942
-0.53929	-0.629475
-0.33695	-0.604098
-0.403396	-0.428112
-0.305687	-0.318203
-0.33679	-0.0809347
-0.796141	0.406079
-0.662848	-0.263246
-0.581915	-0.468117
-0.460907	-0.337241
-0.508101	-0.425699
-0.294915	-0.314571
-0.630976	-0.41947
-0.658346	-0.413977
-0.430936	-0.431335
-0.595166	-0.495111
-0.492656	-0.578694
-0.511981	-0.356988
-0.544239	-0.01601
-0.705657	-0.153156
-0.586582	-0.203683
-0.195831	-0.0637331
-0.558257	-0.209029
-0.589552	-0.183633
-0.612234	-0.522224
-0.434723	-0.458824
-0.733	-0.408004
-0.805551	-0.269783
-0.613227	-0.563355
-0.809301	-0.373405
-0.653153	-0.356902
-0.671898	-0.174964
-0.743095	-0.241273
-0.766962	0.0400042
-0.852576	0.519613
-0.691272	0.293716
-0.724996	-0.54937
-0.981904	-0.55191
-1.27446	-0.589993
-1.30587	-0.620072
-1.28188	-0.409645
-1.10687	-0.632486
-1.06589	-0.501039
-1.04082	-0.61082
-0.832018	-0.126638
-1.06047	0.12749
-0.643334	0.302321
-0.469029	0.392244
-0.613474	0.702542
-0.659501	0.722237
-0.911578	0.743378
-1.1102	0.611687
-1.22934	0.486521
-1.27561	0.438595
-1.25494	0.731715
-1.16564	0.573826
-1.31393	0.588183
-0.887931	0.633648
-0.74721	0.347798
-0.487339	0.267247
-0.111196	0.234574
-0.138643	0.126088
-0.199628	0.259877
-0.242296	0.49071
0.111293	0.544724
0.339272	0.658123
0.689988	0.717396
0.850946	0.553317
0.798337	0.16899
0.232888	0.0707285
0.276307	0.326844
0.305682	0.529331
0.0423151	0.476566
0.0993994	0.760727
-0.171106	0.68886
-0.0859159	0.590092
-0.400642	0.705699
-0.426923	0.8902
-0.35599	0.705507
-0.456681	0.673882
-0.680686	0.7051
-0.597462	0.623243
-0.470865	0.532253
-0.336104	0.324377
-0.55656	0.383945
-0.633402	0.52443
-0.457674	0.486958
-0.383948	0.323221
-0.382228	0.173833
-0.358085	-0.0526168
-0.763321	0.368606
-0.820576	0.456283
-0.808311	0.39174
-0.712783	0.277364
-0.726128	0.267189
-0.413405	0.25981
-0.183026	0.163382
-0.240726	0.0886753
-0.347219	0.331646
-0.717698	0.0816761
-0.827705	-0.0350951
-0.415063	-0.0219564
-0.315677	0.0994832
-0.334123	0.105985
-0.304691	0.130753
-0.230526	0.0926572
-0.417993	0.000702233
-0.438464	-0.232025
-0.762259	-0.0830042
-0.704229	0.39312
-0.638563	0.164279
-0.592905	-0.144355
-0.583086	-0.146476
-0.601466	-0.150624
-0.500339	-0.213322
-0.635727	0.0148343
-0.793386	0.228215
-0.926043	0.357389
-0.957528	0.288761
-0.927809	0.423305
-0.777416	0.423102
-0.762792	0.479464
-0.765266	0.797597
-0.687894	1.00566
-0.351249	1.02685
-0.207154	1.08624
-0.102857	1.2057
0.0117447	1.14551
-0.262726	1.01414
-0.239718	0.730618
-0.559976	0.359949
-0.484161	0.0485182
-1.1086	-0.32123
-0.913168	-0.276894
-0.404533	0.181713
-0.413104	0.0489768
-0.382322	-0.195334
-0.512394	-0.206714
-0.507039	-0.130874
-0.387259	-0.0299256
-0.342616	0.186608
-0.451941	0.354429
-0.412996	0.312961
-0.649661	0.288234
-0.212506	0.327211
-0.054871	0.322753
-0.250609	0.214805
-0.0918323	0.0411046
-0.14781	-0.078821
-0.197341	0.200737
-0.421938	-0.17536
-0.503791	-0.0636229
-0.351015	0.0156636
-0.942301	0.0960167
-1.12793	-0.137867
-0.886176	0.0511031
-0.52655	0.164037
-0.6308	0.127616
-0.525608	0.254648
-0.250898	0.291872
-0.000891294	0.31347
0.160507	0.271951
0.23905	0.229992
0.351396	0.26558
0.271077	0.141954
0.345211	0.0978086
0.377308	-0.010567
0.213802	0.00583189
0.105944	0.0231741
-0.0403163	-0.0497904
-0.087789	-0.185396
-0.0472235	-0.0523804
-0.379165	0.154926
-0.487087	0.324048
-0.606262	0.333887
-0.172078	0.336495
-0.233835	0.26858
-0.144319	0.157436
-0.296778	0.18372
-0.291389	0.484766
-0.271862	0.453225
-0.458054	0.551201
-0.550947	0.668846
-0.433896	0.725443
-0.369648	0.72182
-0.363642	0.623499
-0.637382	0.781523
-0.703869	1.1298
-0.623804	1.05657
-0.866723	1.23096
-0.623912	1.18067
-0.596058	1.30281
-0.519614	1.18067
-0.511644	1.13319
-0.332674	0.935343
-0.424139	0.94707
-0.268108	0.81433
-0.163048	0.43485
-0.254306	0.318249
-0.389162	0.521381
-0.448313	0.309502
-0.64393	0.207349
-0.358067	0.0394444
-0.0756003	0.0679059
-0.147415	0.250085
-0.190301	0.0644646
-0.522649	-0.0496543
-0.571588	-0.137662
-0.595026	-0.221457
-0.618168	-0.364194
-0.532053	-0.365779
-0.630097	-0.332244
-0.411545	-0.288793
-0.412764	-0.272147
-0.698219	-0.531072
-0.956889	-0.315269
-0.856907	-0.420256
-0.776131	-0.489889
-0.718319	-0.423863
-0.742095	-0.345225
-0.616408	-0.310325
-0.820274	-0.506707
-0.712549	-0.487045
-0.738962	-0.46559
0.113364	0.312697
0.54504	0.919243
0.514379	0.785459
0.460813	0.280655
0.24659	0.436666
-0.460545	0.596645
-0.664302	0.491762
-0.677773	0.397289
-0.677471	0.382421
-0.495427	-0.431756
-0.703343	-0.212623
-0.783311	0.0765511
-0.369324	-0.218216
-0.382399	-0.224404
-0.44422	-0.488695
-0.550781	-0.36753
-0.594691	-0.186466
-0.541933	0.32086
-0.646226	0.542031
-0.944408	0.490412
-0.262141	0.148341
0.0407298	0.0475302
-0.191897	0.0461459
-0.496636	0.335308
-0.600258	0.161126
-0.358745	0.0842289
-0.0815516	-0.372747
-0.502058	-0.289101
-0.858983	0.0255808
-0.834992	-0.342272
-0.701621	-0.133332
-0.457195	-0.264661
-0.360451	-0.353675
-0.215	-0.221789
-0.0291671	-0.190076
0.024245	-0.0103609
0.465158	-0.142037
0.524784	0.016649
0.337647	0.123981
0.133587	0.0920246
-0.087638	-0.0041549
-0.27595	0.28599
-0.106915	0.636984
0.0394172	0.653647
-0.0363923	0.571646
0.0509868	0.558711
-0.0160893	0.470476
-0.0835644	0.485877
-0.642385	0.479523
-1.0992	0.609235
-0.588736	0.754912
-0.360487	0.575223
-0.372673	0.470784
-0.442757	0.419516
-0.422242	0.615769
-0.174518	0.608394
-0.105616	0.545747
0.0452387	0.433502
0.0301322	0.556958
-0.25007	0.492851
-0.315726	0.371007
-0.419664	0.496727
-0.598505	0.417424
-0.518612	0.391075
-0.421868	0.339452
-0.178441	0.255953
0.187064	0.0435844
-0.032879	-0.144526
-0.391831	0.00115408
-0.487603	0.0973997
-0.360196	0.0397972
-0.669505	0.105724
-0.32461	0.0781427
-0.132011	0.180191
-0.206197	0.54433
-0.0281446	0.723839
-0.137423	0.646468
0.0587673	0.440186
0.0324319	0.47403
-0.0222161	0.423921
-0.370653	0.471232
-0.71385	0.104978
-0.587338	0.131418
-0.892156	0.419443
-0.638812	0.0284774
-1.06589	0.091631
-0.880547	-0.303899
-0.731	-0.306326
-0.756709	-0.273534
-0.934811	-0.324162
-0.633405	-0.57582
-0.484006	-0.209505
-0.0460784	-0.241832
-0.439014	-0.236363
-0.2207	-0.351406
-0.445195	-0.462704
-0.414074	-0.365541
-0.414327	-0.507641
-0.517537	-0.643538
-0.406712	-0.467502
-0.597015	-0.609358
-0.642554	-0.536756
-0.344747	-0.481046
-0.514627	-0.413403
-0.0998206	-0.289438
-0.196051	-0.427316
-0.322968	-0.470203
-0.349181	-0.500382
0.0512948	-0.344539
-0.184223	-0.17426
-0.759417	-0.125513
-1.08974	-0.264671
-1.07833	-0.196601
-1.00801	-0.168122
-1.18873	-0.38042
-1.1145	-0.193095
-1.04282	-0.0691488
-0.98903	-0.142872
-0.89794	-0.275497
-0.953306	-0.233814
-1.05685	-0.239466
-0.824465	-0.204404
-0.725754	-0.349765
-0.867152	-0.29257
-0.81737	-0.329575
-0.919587	-0.227158
-0.716525	-0.389764
-0.533491	-0.48295
-0.948132	-0.458296
-0.704648	-0.166722
-0.712545	-0.343746
-0.760355	-0.302502
-0.732986	-0.255288
-0.881069	-0.259717
-1.08765	-0.314264
-0.888949	-0.262126
-0.735009	-0.00868029
-0.860171	-0.310102
-0.750446	-0.346717
-0.97926	-0.23687
-0.812699	0.240848
-0.548266	0.196673
-0.836077	0.168822
-0.782701	0.224369
-0.776595	0.371563
-0.861763	0.216786
-0.795766	0.253294
-1.21088	0.111142
-1.19265	-0.157305
-0.828493	0.00372976
-0.483322	0.169805
-0.0124569	0.791589
0.241704	1.00996
0.380276	0.721431
0.650936	0.660274
0.605255	0.415061
0.357452	0.445683
0.011124	0.413847
-0.0907431	0.431992
0.0310715	0.539584
-0.110335	0.340908
-0.23957	0.31749
-0.295977	0.409218
0.050727	0.251353
0.165339	0.00855015
-0.0430124	-0.237498
-0.245102	-0.366903
-0.177996	-0.50329
-0.161167	-0.527647
-0.359472	-0.471345
-0.267086	-0.559279
-0.189278	-0.641287
-0.253085	-0.319533
-0.256392	-0.257278
-0.201406	-0.565447
-0.312856	-0.393716
-0.475065	-0.256164
-0.471562	-0.21577
-0.484631	-0.190328
-0.401365	-0.193505
-0.650539	-0.152844
-0.774784	-0.237497
-0.315626	-0.23528
-0.377357	-0.29529
-0.320084	-0.190396
-0.367628	-0.342512
-0.499946	-0.377863
-0.371176	-0.351644
-0.704188	-0.57007
-0.665932	-0.258481
-0.824497	-0.532105
-0.722898	-0.480639
-0.716331	0.105947
-0.906179	0.600263
-0.74744	0.578483
-0.70579	0.833484
-0.733698	1.01823
-0.590387	1.19578
-0.614195	1.17743
-0.78884	1.13074
-0.730351	1.06195
-0.878342	1.04192
-0.847511	1.0721
-0.75191	0.972329
-0.638484	0.713085
-0.669694	0.601444
-0.380074	0.119367
-0.440776	0.147906
-0.171572	0.247418
0.261465	0.116344
0.539016	0.0113075
0.349307	0.0529674
0.307243	0.0572379
0.286344	0.23792
0.377518	0.116868
0.402563	-0.332758
-0.062408	0.252072
0.0353291	0.423317
-0.40099	0.205655
-0.0406109	0.0601262
-0.065684	-0.0391399
-0.335338	-0.13247
-0.180614	-0.188726
-0.433485	-0.160066
-0.275574	-0.2537
-0.132845	-0.131102
0.178403	-0.201494
0.244502	-0.231282
0.047864	-0.238881
-0.723513	-0.21064
-0.731592	-0.127439
-0.191983	0.0670426
-0.154877	0.272621
-0.227877	0.609512
-0.106644	0.805972
-0.0467853	1.04329
0.00891678	0.555675
0.0140762	0.409316
0.0863061	0.409269
-0.0306629	0.440858
-0.50396	0.248813
-0.844022	0.0382341
-0.938378	0.016126
-0.771926	0.0523279
-0.699013	-0.332358
-0.654852	-0.617943
-0.472777	-0.558929
-0.60717	-0.200335
-0.554949	-0.212503
-0.584269	-0.180992
-0.586797	-0.390903
-0.491531	-0.457258
-0.430731	0.0340849
-0.324234	0.221842
-0.283696	0.266329
-0.252631	0.165677
-0.0933454	0.113361
0.0636532	0.207533
0.0204906	0.17222
-0.0656108	0.146795
0.181621	-0.0815815
-0.295243	-0.211901
-0.468477	-0.30162
-0.358466	-0.0511617
-0.0558508	0.350336
-0.0910185	0.370752
-0.0760643	0.597466
-0.259068	0.613822
-0.326954	0.611872
-0.392595	0.724552
-0.646691	0.816804
-0.620544	0.809393
-0.648286	0.85893
-0.648618	1.07934
-0.744147	1.04256
-0.702799	1.01705
-0.588962	0.85639
-0.487786	0.729891
-0.618337	0.831204
-0.828257	0.591169
-1.04865	0.635684
-0.672594	0.595669
-0.823717	0.488793
-0.422795	0.255277
-0.818478	0.120395
-0.651944	-0.05784
-0.856391	0.0392391
-1.14672	-0.148102
-1.10661	-0.0977939
-1.09777	-0.0161929
-1.06659	0.222478
-1.16763	0.189145
-1.30936	-0.00934907
-1.486	-0.150238
-1.39096	-0.122018
-1.23726	-0.10284
-1.26044	-0.285745
-0.972415	-0.250539
-0.884742	-0.308132
-0.905679	-0.475241
-0.728429	-0.436008
-0.783046	-0.346547
-0.857055	-0.318
-0.72457	-0.323706
-0.77257	-0.350592
-0.735315	-0.479709
-0.695673	-0.438195
-0.557333	-0.566634
-0.648154	-0.384421
-0.775525	-0.33018
-0.844619	-0.386683
-0.745873	-0.522354
-0.705246	-0.387792
-1.03837	-0.457051
-0.876765	-0.467194
-0.669235	-0.320439
-0.913996	-0.307459
-0.480911	0.00871831
-0.645005	-0.0888816
-0.372114	-0.0169614
-0.54419	0.0427882
-0.863071	0.104796
-0.937252	0.38431
-0.865649	0.189373
-0.743586	0.625218
-0.445379	0.981988
-0.141253	0.551849
-0.640566	0.897208
-0.607457	1.04812
-0.676669	0.924034
-0.668052	0.923741
-0.639622	0.751905
-0.542237	0.416104
-0.585318	0.305449
-0.651731	0.18907
-0.477909	-0.0263225
-0.173863	-0.0597389
-0.0191136	0.0834062
-0.0374805	0.237732
0.111281	0.379643
0.183594	0.164955
0.270576	0.190569
0.00216617	0.284351
0.200492	0.26639
0.369392	0.208617
0.229516	0.275965
0.468595	0.171526
0.202368	0.35011
0.200117	0.342933
0.195406	0.221692
0.180168	0.293886
0.0402616	0.331089
-0.0372686	0.339187
-0.323109	0.371096
-0.427367	0.144114
-0.53729	-0.0308515
-0.683304	-0.207531
-0.316494	-0.43038
-0.153522	0.165967
-0.391513	0.648843
-0.391624	0.429477
-0.267193	-0.0796795
0.0269223	-0.242256
0.0846088	-0.0284766
-0.19459	-0.46748
-0.152415	-0.783455
-0.214405	-0.542621
-0.438321	-0.624303
-0.394323	-0.546025
-0.472563	-0.247091
-0.549975	0.319337
-0.326754	0.0352692
-0.304994	-0.234429
-0.34356	-0.351431
-0.40725	-0.222308
-0.513451	-0.408467
-0.623431	-0.288884
-0.498296	-0.387026
-0.800552	-0.0658137
-0.793436	0.061622
-0.310898	0.10124
-0.0436446	0.059695
-0.0138759	0.322899
-0.0324143	0.054348
0.0875258	-0.210346
0.232385	-0.0873931
0.132699	-0.0589712
0.025315	0.198957
-0.6382	0.232821
-0.773394	0.0707706
-0.46192	0.274878
-0.46586	-0.16416
-0.295081	-0.227821
-0.673179	-0.347372
-0.656049	-0.644111
-0.531823	-0.142205
-0.144869	-0.304304
-0.126664	-0.431935
0.038705	-0.547991
-0.0336401	-0.530425
0.225304	-0.223401
0.384042	0.0237165
-0.0136732	0.48665
-0.425607	0.70912
-0.410215	0.394946
-0.382099	0.429202
-0.370863	0.417272
-0.313355	0.382218
-0.172485	0.337718
-0.133403	0.274384
0.0310971	0.191107
0.0209722	0.431697
-0.0489317	0.0322166
-0.715069	-0.0156151
-0.380347	0.13825
0.00781337	0.563036
-0.417324	0.904047
-0.456861	0.945394
-0.646537	1.01135
-0.45285	0.738516
-0.263199	0.630723
-0.253928	0.50144
-0.201553	0.176156
-0.159707	0.219138
-0.03825	0.316898
0.321794	0.16589
0.335408	0.100001
0.292922	0.0607902
0.325062	0.114296
0.310385	0.0648634
0.224053	0.0471621
-0.0553734	0.153626
0.218788	-0.110375
0.0763038	-0.192208
-0.228931	-0.10667
-0.271814	-0.206491
-0.300043	-0.294017
-0.258656	-0.424117
-0.194204	-0.31832
-0.449774	-0.2613
-0.370741	-0.397843
-0.247039	-0.432907
-0.317061	-0.43454
-0.51993	-0.469876
-0.415465	-0.48465
-0.166038	-0.468749
-0.257938	-0.357531
-0.268721	-0.298131
0.0525132	-0.476499
-0.0801554	-0.33925
-0.228712	-0.271744
-0.263914	-0.206214
-0.431695	-0.437033
-0.448736	-0.485073
-0.729194	-0.596362
-0.586833	-0.559548
-0.459107	-0.359349
-0.412783	-0.640558
-0.525917	-0.756821
-0.331202	-0.614753
-0.503046	-0.527569
-0.703677	-0.394696
-1.05941	-0.606795
-0.418555	-0.419279
-0.338576	-0.326678
-0.331064	-0.310772
-0.209382	-0.212701
-0.00797648	-0.254635
-0.109277	-0.209456
-0.904673	0.0583341
-0.506357	-0.101843
-0.29203	-0.103675
-0.340057	-0.0376795
-0.676701	0.278447
-0.418983	0.344588
-0.399101	0.377798
-0.48694	0.211636
-0.448778	-0.201566
-0.48545	0.56864
-0.464046	0.270781
-0.594736	0.0182505
-0.451003	-0.240774
-0.624614	-0.271384
-0.447635	-0.252593
-0.039861	-0.430962
-0.154032	-0.400304
-0.693104	-0.502123
-0.516282	-0.396338
-0.469414	-0.0364542
-0.18748	-0.173211
-0.362272	-0.147159
-0.39279	-0.0611942
-0.550761	-0.298416
-0.499987	-0.484946
-0.564629	-0.192585
-0.720005	-0.157107
-0.819285	-0.360761
-0.304436	-0.206042
-0.0365063	-0.0275242
-0.104452	0.018574
-0.336297	0.106339
-0.485345	0.249181
-0.44213	0.238027
-0.177682	-0.0113065
0.0586487	0.00701786
0.02497	-0.120308
-0.0841568	-0.241619
-0.141036	-0.505831
-0.19627	-0.429975
-0.489391	-0.457639
-0.364806	-0.587466
-0.516543	-0.511541
-0.0936339	-0.395375
0.268316	-0.0755437
0.215462	0.0925898
0.272079	0.142888
0.169515	0.130997
0.0115953	0.027302
-0.359072	0.204042
-0.255085	0.166999
0.103879	0.108824
0.214134	-0.280817
0.178174	-0.377905
0.0111228	-0.220771
-0.00169303	-0.207701
-0.0814264	-0.212663
-0.0855457	-0.169012
-0.138941	-0.0793104
-0.232759	-0.229967
-0.0484871	-0.323029
-0.0409447	-0.341707
-0.0668833	-0.175837
0.0783604	-0.17409
0.231638	-0.121356
-0.0701403	-0.0762146
0.123669	0.317348
-0.391881	0.200562
-0.515253	-0.137742
-0.657757	-0.281516
-0.784816	-0.162983
-0.724067	-0.285567
-0.447058	-0.137625
-0.468677	-0.0560222
-0.513722	-0.224154
-0.584561	-0.158482
-0.183713	0.179945
0.0834431	0.0147617
-0.193352	-0.329637
-0.0597386	-0.272982
-0.240346	0.112372
0.100506	-0.0636513
0.294541	-0.178468
0.532107	-0.460833
0.276288	-0.35678
0.118088	-0.65094
-0.00969596	-0.630937
-0.194216	-0.764856
-0.298007	-0.873891
-0.260922	-0.550754
-0.322175	-0.430754
-0.58042	-0.371396
-0.58386	-0.175567
-0.618276	-0.0701552
-0.491002	0.139062
0.0461142	0.0905212
0.0621864	0.236663
0.228141	0.0796348
-0.242161	0.267549
-0.147656	0.37895
-0.15868	0.454573
-0.177179	0.339355
-0.496217	0.154072
-0.265169	-0.0799291
-0.304037	-0.280746
-0.356594	-0.302168
-0.540074	-0.321219
-0.380491	-0.244285
-0.331152	-0.155612
-0.344598	-0.0525822
-0.371029	-0.147638
-0.275388	0.140727
-0.152271	0.205079
-0.23404	0.152124
-0.370154	0.0553455
-0.262511	0.239052
-0.227935	0.33844
-0.145242	0.229047
-0.268316	0.122182
-0.260802	-0.0759401
-0.524283	0.0399489
-0.477061	0.233017
-0.532875	0.131682
-0.700476	0.229285
-0.827039	0.0806401
-0.646929	-0.0662073
-0.457634	-0.522343
-0.542297	-0.588553
-0.430194	-0.758127
-0.448207	-0.700294
-0.281989	-0.728992
-0.0936753	-0.735579
-0.273967	-0.682577
-0.0478098	-0.361164
-0.0107044	-0.252708
-0.199275	-0.268179
-0.168949	-0.530885
-0.183627	-0.691434
-0.066442	-0.815264
-0.365499	-0.812022
-0.364765	-0.70974
-0.378756	-0.621469
-0.400419	-0.563526
-0.621692	-0.64209
-0.539359	-0.633355
-0.492733	-0.542649
-0.653798	-0.676434
-0.574863	-0.383632
-0.556255	-0.303338
-0.555722	-0.276587
-0.73803	-0.302724
-0.746629	-0.437638
-0.824378	-0.141403
-0.764144	-0.225416
-0.647759	-0.322957
-0.604228	-0.135723
-0.628073	-0.173546
-0.774356	-0.274927
-0.648956	-0.271398
-0.798404	-0.292802
-0.771539	-0.343605
-0.706947	-0.280975
-0.680918	-0.363402
-0.601586	-0.361822
-0.782495	-0.478873
-0.790131	-0.359006
-0.882187	-0.305159
-0.66304	-0.317693
-0.584735	-0.452564
-0.445886	-0.334623
-0.580866	-0.237724
-0.581134	-0.0946523
-0.690592	-0.251043
-0.470747	-0.210669
-0.389317	-0.334304
-0.216966	0.0180027
0.161388	0.248607
0.362847	0.363181
0.283108	0.515396
0.258432	0.657632
0.280895	0.555943
0.121181	0.527356
0.105408	0.261113
-0.274454	0.156615
-0.230146	-0.0353786
-0.250546	-0.211167
-0.177252	-0.169708
-0.0122447	-0.188962
-0.0505639	-0.189709
-0.182009	-0.182157
-0.383304	-0.00432291
-0.473774	0.0301271
-0.334496	0.0884085
-0.0162156	0.0629812
-0.344564	0.314897
-0.383947	0.446847
-0.74387	0.666631
-0.68738	1.07667
-0.282912	1.06153
-0.13327	1.01398
-0.168308	1.05148
-0.232525	0.74409
-0.259229	0.443216
-0.0632096	0.502272
-0.0154406	0.537431
-0.333226	0.280035
-0.462485	-0.0844958
-0.643688	-0.026558
-0.535496	-0.112637
-0.666602	-0.0127402
-0.356512	0.000300534
-0.483732	0.016438
-0.404937	-0.194147
-0.477999	-0.232134
-0.693503	0.249709
-0.721594	0.268213
-0.586543	-0.0865941
-0.357761	-0.03746
-0.0777666	-0.374695
-0.0677419	-0.4733
-0.0538091	-0.228813
-0.00870677	-0.256997
-0.242294	-0.113087
-0.115518	-0.261952
-0.289835	-0.0018478
-0.258831	-0.0280905
-0.440795	-0.0291106
-0.290946	-0.358357
-0.184689	-0.197623
-0.041039	-0.104007
0.0210925	0.155886
0.263277	0.0534341
0.0495725	-0.0429752
0.25042	0.0477835
-0.460694	0.237403
-0.695608	0.0963054
-0.24565	0.339743
-0.656911	0.0354747
-0.887298	-0.315103
-0.648389	-0.211405
-0.964828	0.261137
-0.484871	0.433569
-0.375012	0.624526
-0.784242	0.601179
-0.632457	0.562246
-0.490276	0.714638
-0.234112	0.259846
-0.167475	0.0492642
-0.232769	-0.261443
-0.489687	-0.509245
-0.548437	-0.605239
-0.396706	-0.487062
-0.518415	-0.483223
-0.686029	-0.511693
-0.35118	-0.339264
-0.272034	-0.199618
-0.301093	-0.174581
-0.513193	-0.114013
-0.48608	-0.181421
-0.441834	-0.35975
-0.375229	-0.0532628
-0.327573	0.0588276
-0.21537	-0.0491114
-0.0383194	-0.0116701
-0.13323	0.187781
0.0768969	0.405116
0.0377389	0.291414
0.0863156	0.3717
-0.250052	0.372589
0.000441309	0.0472343
0.339647	0.364823
0.29529	0.197986
0.158479	0.124258
-0.151762	0.255089
-0.507434	0.203089
-0.320775	0.419877
-0.260008	0.327414
-0.147516	-0.064481
-0.00102784	0.0745988
-0.00585298	-0.129291
-0.0160818	-0.200571
0.00826787	0.0856575
-0.313843	-0.0153967
-0.128209	0.376061
0.16423	0.73752
0.244888	0.633109
0.193846	0.693456
0.22804	0.736687
0.0607249	0.451869
0.0703746	0.383408
0.050917	0.377348
-0.0699405	0.437233
-0.115688	0.259674
-0.0165069	0.0469079
-0.256406	-0.0290768
-0.406655	-0.0645824
-0.583022	-0.316545
-0.577977	-0.352276
-0.666697	-0.234559
-0.640399	-0.366664
-0.869838	-0.226649
-0.927417	-0.222814
-0.803185	-0.203582
-0.831077	-0.374642
-0.755868	-0.365058
-0.8667	-0.206122
-0.760448	-0.0857214
-0.861974	-0.224639
-0.888009	0.0882912
-0.740002	-0.0124846
-0.89565	-0.220844
-1.01157	-0.0615607
-0.80595	0.0202688
-1.083	-0.252278
-0.850293	-0.284391
-0.778887	-0.330583
-0.898763	-0.162943
-1.17347	-0.241873
-0.97961	-0.194108
-0.80245	-0.12133
-0.830489	-0.229291
-0.899337	-0.102117
-1.0523	-0.196076
-0.819278	-0.238422
-0.602546	-0.444262
-0.798133	-0.087005
-0.802542	-0.266677
-0.714034	-0.202763
-0.800244	-0.10479
-0.783989	-0.171704
-0.720978	-0.269771
-0.529662	-0.132177
-0.617363	-0.175061
-0.806935	-0.157743
-0.795414	-0.142055
-0.4871	-0.339849
-0.727047	-0.256748
-0.721236	-0.234025
-0.807425	-0.186974
-0.606901	-0.453895
-0.90357	-0.507936
-0.716281	-0.264577
-0.648042	-0.426083
-0.889057	-0.330693
-0.743895	-0.494328
-0.79161	-0.489042
-0.905562	-0.521857
-0.743207	-0.359054
-0.643106	-0.377773
-0.75128	-0.456311
-0.627367	-0.412477
-0.755694	-0.292406
-0.769695	-0.362406
-0.52856	-0.364862
-0.853294	-0.316812
-0.961734	-0.17083
-0.491374	0.241505
-0.680041	0.148165
-0.673963	0.0466203
-0.494136	0.0932622
-0.458903	0.0663591
-0.63779	0.262081
-0.746689	0.381676
-0.493776	0.196188
-0.560628	0.116458
-0.584585	0.226306
-0.630605	0.0353004
-0.564109	0.106651
-0.182725	-0.252646
-0.423901	-0.286234
-0.554756	-0.481311
-0.599261	-0.52086
-0.679006	-0.528381
-0.941391	-0.445398
-1.07196	-0.244385
-0.465596	-0.142887
-0.548747	0.0901394
-0.579991	-0.0985036
-0.652501	-0.207863
-0.695763	-0.185677
-0.799239	-0.285611
-0.734232	-0.332118
-0.710872	-0.334081
-0.611739	-0.357735
-0.385539	-0.145962
-0.746675	-0.237316
-0.741882	-0.438462
-0.570309	-0.674432
-0.535528	-0.602846
-0.468013	-0.438612
-0.178814	-0.510432
-0.258956	-0.447971
-0.177927	-0.484007
-0.175991	-0.39107
-0.326954	-0.540455
-0.387792	-0.512637
-0.537131	-0.589169
-0.377195	-0.532658
-0.519143	-0.20051
-0.466908	-0.065321
-0.344273	0.155744
-0.603935	0.0553622
-0.862742	-0.139419
-0.669016	-0.273998
-0.681276	-0.163689
-0.785452	-0.218531
-1.11122	-0.204829
-0.684467	0.0413543
-0.0548798	0.054267
-0.49499	-0.243564
-0.534378	-0.328719
-0.69332	-0.210045
-0.899694	0.307795
-0.0260045	0.0387605
0.112158	0.129739
-0.195661	0.261974
-0.436702	0.291475
-0.197071	0.467135
-0.469908	0.58924
-0.362565	0.847493
-0.375284	1.0459
-0.555011	1.04428
-0.229229	0.671832
-0.0100999	0.340381
-0.220326	0.0860341
-0.129017	-0.219677
-0.0725674	-0.133924
-0.0876192	-0.250874
-0.101423	-0.276619
-0.46633	-0.205248
-0.375248	-0.323536
-0.512918	-0.245813
-0.338252	-0.187482
-0.579172	-0.292473
-0.489349	-0.298834
-0.630406	-0.223582
-0.559342	0.0299827
-0.142828	-0.192138
0.0645333	0.0356981
-0.0585955	0.2485
0.0303835	0.0862121
0.0774063	0.216489
0.0304738	0.353706
-0.41062	0.108366
-0.45474	-0.0439529
-0.658456	0.360195
-0.493873	0.135992
-0.369211	-0.257623
-0.420015	-0.520483
-0.290268	-0.432047
0.0101659	-0.411132
0.0995806	-0.321946
0.140484	0.224265
0.154344	0.147086
-0.00533245	0.114872
-0.102986	0.237087
-0.0186032	0.134741
-0.0385268	0.122001
0.0820449	-0.0382592
-0.125314	0.268608
-0.0746475	0.417917
0.104343	0.344174
-0.371532	0.11264
-0.306467	-0.183053
-0.28881	-0.0871099
-0.395763	-0.0236957
-0.479354	-0.101637
-0.269211	0.0929222
-0.410376	0.056365
-0.400323	0.289863
-0.408323	0.269975
-0.390601	0.0856178
-0.676793	0.177586
-0.474537	0.334065
-0.253061	0.366274
-0.26237	0.530577
0.188596	0.439382
0.194537	0.412988
0.130067	0.339186
0.273569	0.257212
-0.00501103	0.452228
0.153896	0.301908
0.0474662	0.436499
-0.0617249	0.371601
-0.172211	-0.00459844
0.0797299	-0.309514
0.182826	-0.0745423
-0.206493	-0.00342632
0.192739	-0.150088
0.12082	-0.00330258
0.219971	0.205857
0.402995	0.29137
0.410835	0.402361
0.348971	0.610106
0.475504	0.537161
0.479176	0.645292
0.511837	0.47098
0.583817	0.468067
0.193949	0.576602
0.0953171	0.392092
-0.204546	0.376887
-0.214397	0.295999
-0.339685	0.294641
-0.136672	0.277807
-0.563428	0.285809
-0.652565	0.096737
-0.550248	0.178284
-0.754527	0.36104
-0.453973	0.0964506
-0.576433	-0.0797671
-0.656115	-0.111145
-0.52421	-0.116064
-0.442637	-0.21603
-0.428514	-0.25649
-0.499531	-0.3557
-0.642585	-0.371963
-0.711995	-0.39436
-0.698642	-0.33373
-0.468383	-0.276815
-0.647672	-0.245437
-0.525356	-0.428891
-0.70602	-0.466057
-0.641646	-0.503015
-0.512568	-0.481106
-0.856113	-0.487914
-1.00442	-0.0670808
-0.683446	-0.105426
-0.373293	-0.0754488
-0.104202	-0.0458113
-0.297717	-0.16052
-0.732156	-0.34524
-0.77007	-0.222092
-0.84761	-0.16696
-0.945777	-0.21793
-0.792896	-0.402353
-0.41175	-0.631747
-0.502492	-0.416746
0.684445	-0.640551
1.1618	-0.471012
0.720751	-0.301685
0.213547	-0.0531043
0.0538208	0.113696
0.540645	0.203575
0.129937	0.365356
-0.285789	0.323027
-0.305692	0.58761
-0.580719	1.09707
-0.700997	1.31185
-0.58446	1.25876
-0.449505	1.1039
-0.628364	0.219411
-0.313519	0.298972
-0.238406	0.326771
-0.282596	0.262467
-0.409482	0.196794
-0.312885	-0.130295
-0.299567	-0.339493
-0.337289	-0.12638
-0.484108	-0.166679
-0.565412	-0.289556
-0.74471	-0.233114
-0.605247	-0.293389
-0.434327	-0.591879
-0.380004	-0.42649
-0.231649	-0.490223
0.0592341	-0.540976
0.109251	-0.360055
0.124363	-0.289023
0.199627	-0.200306
0.119843	-0.391126
-0.098276	-0.472032
-0.255077	-0.385258
-0.440905	-0.5848
-0.583047	-0.293201
-0.36162	-0.533406
-0.369896	-0.382616
-0.502188	-0.188958
-0.7747	-0.181628
-0.787587	-0.0756095
-0.706149	-0.167577
-0.621611	-0.0532154
-0.578024	-0.0770651
-0.426653	-0.0169268
-0.0993532	-0.105933
-0.499179	0.164043
-0.252309	0.224023
-0.366792	-0.00314459
-0.302846	-0.226214
-0.527723	-0.395102
-0.611239	-0.17892
-0.587244	-0.108713
-0.575673	0.307726
-0.453364	0.358034
-0.741831	0.25898
-0.95139	0.755216
-0.658119	0.307393
-0.556839	-0.118549
-0.615173	-0.223297
-0.66152	-0.268484
-0.758709	-0.361861
-0.849024	-0.258956
-0.668982	-0.302098
-0.687529	-0.187681
-0.32974	-0.491245
-0.713889	0.183149
-0.669391	0.450476
-0.426157	0.440898
-0.502909	0.562435
-0.193401	0.372565
-0.274412	0.338223
-0.287641	0.366435
-0.127005	0.489124
-0.248071	0.34444
-0.398646	0.153522
-0.372324	0.011987
-0.380104	-0.187956
-0.214081	-0.165206
-0.347668	-0.00124022
-0.492152	-0.0256477
-0.34091	-0.152777
-0.161839	0.132129
-0.0507576	0.503669
-0.155783	0.396825
-0.363589	0.61515
-0.544578	0.551141
-0.436564	0.430601
-0.550773	0.362781
-0.607454	0.0924824
-0.727726	0.0613357
-0.437243	-0.0332792
-0.431755	-0.0085493
-0.189551	-0.281402
-0.00301103	-0.367461
-0.173317	-0.292539
-0.326249	-0.411803
-0.0536098	-0.552686
-0.463259	-0.519323
-0.426457	-0.48413
-0.27385	-0.770493
-0.256868	-0.511522
-0.315253	-0.326449
-0.226819	-0.405919
-0.454305	-0.261222
-0.221682	-0.296701
-0.128436	-0.295938
-0.0267079	-0.272466
0.150056	-0.227552
0.22437	-0.115952
0.0587207	-0.235808
-0.136955	-0.413351
-0.16475	-0.360051
-0.0950044	-0.504825
-0.26219	-0.513783
-0.326002	-0.420461
-0.551237	-0.495698
-0.657343	-0.154707
-0.632025	-0.283619
-0.595034	-0.0328434
-0.507752	-0.114767
-0.778632	-0.340889
-0.666747	-0.246083
-0.670957	-0.200752
-0.587811	-0.294763
-0.727681	-0.280595
-0.869693	-0.425069
-0.69193	-0.324229
-0.86384	-0.376894
-0.660192	-0.48509
-0.419297	-0.582406
-0.423534	-0.608614
-0.512558	-0.385382
-0.60266	-0.470013
-0.600898	-0.431105
-0.666744	-0.434833
-0.54612	-0.349434
-0.339097	-0.425482
-0.300401	-0.41794
-0.63812	-0.225935
-0.853069	-0.27035
-0.776801	-0.437276
-0.793808	-0.301279
-0.52006	-0.545852
-0.699022	-0.427314
-0.540271	-0.220903
-0.723223	-0.176059
