-1.2209	-8.06601
6.40551	-8.7522
13.8238	-18.699
13.5311	-18.3648
12.4904	-18.4823
4.13191	-14.8377
0.712773	-12.878
5.80018	-16.8494
5.38276	-20.5934
3.55257	-22.2967
3.12642	-23.5036
1.8357	-24.2147
4.20463	-28.5087
4.24945	-30.2249
3.68514	-30.0193
4.1015	-26.2959
0.834962	-16.0546
-2.84928	-12.489
-3.04175	-7.41543
-5.05358	-1.026
-4.12567	1.80302
-2.20698	-7.12579
-3.8164	-4.25691
-2.8128	-5.44947
-3.25077	-5.69681
-0.028201	-12.8132
-2.30042	-15.1995
-4.09749	-12.1682
-1.78887	-11.9173
-2.12939	-11.92
-1.157	-13.0832
0.49593	-13.1582
-0.167569	-12.5662
0.0570298	-15.1322
-0.613336	-8.82293
-2.4032	-7.95482
2.92335	-5.23783
3.76781	-9.95406
0.0957152	-5.64422
-3.29192	-6.56356
-2.67275	-8.73212
0.805319	-5.56953
0.807896	-2.44086
-3.45824	-6.64415
-5.37326	-8.18708
-0.460385	-7.98468
0.704565	-7.50381
0.0567835	-6.79491
0.246075	-7.58048
1.30473	-6.60961
1.25769	-13.8406
4.00122	-23.6911
5.81504	-24.9008
9.18542	-20.2533
6.44303	-19.5507
4.45772	-19.0537
4.24865	-19.1597
4.83273	-22.1417
6.09059	-23.9426
7.02697	-28.0345
11.9204	-24.6344
11.4437	-22.7653
5.95931	-16.277
-1.34842	-9.97239
-9.53948	-8.98982
-4.6718	-15.6154
0.233026	-18.7486
6.76822	-16.3208
12.0732	-16.7951
11.6152	-16.9084
11.3533	-16.1046
10.5575	-13.0225
9.94411	-8.37344
10.3936	3.56193
15.3127	8.5208
13.9209	-0.334696
8.46863	-0.900257
3.88936	-1.48848
0.900155	-3.51841
4.53544	-1.69668
0.715919	-4.30206
2.24707	-2.55459
-3.95626	-11.2477
-2.50782	-11.2558
-4.76681	-2.14208
-5.13855	-1.65433
-4.94724	0.966718
-0.576707	-2.36128
-1.0256	-4.33284
2.31319	-9.24731
2.31335	-13.0804
2.46058	-16.1218
1.26505	-14.117
1.84406	-8.99785
-3.8328	-7.4859
-4.02553	-13.5366
-3.94426	-16.8431
-1.28207	-12.1694
2.82788	1.03964
6.16644	-0.425273
6.74568	-5.07154
3.92119	-2.82237
4.28318	-3.10405
6.50376	-3.62644
3.46218	0.459799
3.60444	-0.428138
3.34483	-12.31
8.40771	-22.4033
8.90554	-22.764
5.14983	-19.738
3.80942	-17.368
4.18983	-15.7093
7.20889	-12.1578
8.65308	-9.21554
6.85536	-14.3255
4.3061	-8.397
4.66421	-8.56233
0.288602	-10.862
0.705905	-14.0881
2.04441	-12.4147
3.94686	-14.0677
3.07259	-14.3795
7.08894	-18.747
7.36865	-17.5506
7.91186	-16.3986
7.12668	-15.9185
9.08252	-13.3879
2.50066	-7.7226
4.66965	-8.58491
2.25781	-7.19003
0.971347	-4.81808
2.76089	-0.763339
4.00442	-1.97914
6.64154	-9.69628
7.58118	-11.0617
9.22825	-13.5253
8.56863	-9.65444
9.77054	-14.4157
9.09017	-13.0742
8.06516	-11.9484
12.1102	-10.7155
13.4652	-11.7083
11.6648	-14.3571
10.9582	-16.5761
8.39311	-15.7404
9.20874	-13.5133
8.5083	-13.7108
8.22637	-11.83
7.40003	-14.1432
8.86715	-8.76494
6.49821	-6.20911
4.79828	-5.60878
5.63977	-7.13611
3.77467	-5.63449
6.98528	-8.54495
8.71997	-12.059
9.34558	-9.86717
9.73289	-5.16472
8.04721	-7.02136
9.29167	-7.3532
7.59046	-8.28433
6.93611	-5.00738
4.27231	-5.20841
-1.41504	-9.18095
-0.795365	-9.1864
-2.62061	-11.6431
-0.23334	-8.1713
-0.769877	-8.57679
0.628396	-6.85543
0.739536	-7.19452
-0.547232	-5.41772
-0.663216	-3.43149
0.267379	-3.95499
1.69551	-2.02136
4.60056	-4.31326
1.66216	-3.79047
2.05895	-3.32813
2.26671	-4.75107
0.560186	-3.31475
-0.996318	1.06844
-1.49196	-3.8583
0.0442844	-1.10457
0.642625	-3.59274
0.397733	-6.58097
3.15882	-4.02128
1.83968	-7.48247
2.89252	-6.54696
3.32778	-3.08414
-0.3982	-7.74278
-2.97354	-7.37939
-3.27752	-7.41579
-3.56972	-5.194
-1.17009	-3.22579
-0.671726	-1.83761
-3.47946	-5.33838
-1.53073	-9.20535
-2.30138	-5.95469
-0.20815	-2.3609
-0.78084	-4.70982
-3.52455	-9.43601
-2.98211	-8.90074
-3.34673	-5.78036
-3.47212	-6.18442
-4.30667	-8.4769
-8.76342	-9.09592
-5.13287	-8.38958
3.89029	0.566248
-1.82021	-1.60091
-1.61253	-0.895911
-1.15059	-0.645103
-0.839645	-0.132016
-1.79812	-5.89627
-5.35937	-10.7263
-4.91785	-1.84941
-3.15675	0.976279
1.11334	-4.05751
-2.47034	-1.84444
-1.14818	-0.752178
-2.1679	-2.40417
-0.0265256	-19.9762
-6.63688	-22.1733
-5.78453	-17.2145
-2.90368	-15.2985
-2.16389	-24.4742
1.21752	-25.4154
2.54933	-27.9104
5.3651	-24.4711
4.32361	-24.4129
5.33086	-27.4326
5.82948	-24.2992
6.35762	-19.3544
7.31629	-13.9899
11.0309	-7.06841
7.9873	-3.09154
6.64474	-3.77618
-0.230794	-5.54717
-2.75986	-3.24192
-4.94269	-4.96327
-2.78571	-11.0936
-2.52013	-7.52182
-1.53887	-7.00489
0.116976	-3.79211
1.4835	-3.25504
-1.74802	-7.8618
-0.877141	-11.3973
-0.965673	-8.31256
-2.72307	-6.42423
-2.98011	-3.18656
-2.9108	-7.23173
-6.38879	-1.13227
-0.31794	-2.60365
6.1185	1.90537
3.82144	0.226345
3.87064	2.74102
1.45185	-1.56082
-0.954261	-2.17733
-1.42266	-5.56996
0.361057	-3.94285
-2.26814	-3.65481
-4.01355	-14.5153
1.07654	-16.4671
2.02019	-16.708
1.86445	-20.8073
1.24186	-21.3351
-0.203852	-23.6844
-0.0788585	-28.5448
-1.55432	-24.4249
-2.32262	-11.4526
2.40969	-5.27965
4.86244	-5.17864
4.61334	-10.1611
6.21972	-11.6088
12.0246	-8.34562
10.9903	-10.3795
11.0978	-9.42996
8.59383	-9.36265
10.8367	-9.01014
8.68184	-10.8902
6.75511	-11.8256
8.29566	-8.17811
5.9794	-7.62816
9.65703	-8.08169
8.08257	-7.82758
7.94695	-8.9339
9.59251	-5.25795
9.01991	-4.11573
4.13742	-5.95538
5.48804	-6.86462
4.43604	-5.46186
0.258584	-1.60651
-0.398403	-3.71288
0.164868	-3.51124
0.566979	-3.36466
1.9189	-5.66656
1.40015	-5.85144
2.36341	-9.86037
2.37204	-4.53562
1.25247	-4.2158
2.27831	-4.16923
1.80276	-3.26134
1.0557	-1.99572
4.47035	-4.52877
1.27524	-1.03029
0.634562	-4.51996
2.34118	-0.67543
-0.332575	-4.96223
-0.41286	-1.53987
4.20118	3.99802
-1.12192	4.31333
-3.43228	0.485314
-4.56338	2.7927
-4.29951	1.18839
0.415499	-0.838419
3.63749	-5.16737
6.40373	4.95807
12.1661	5.25404
8.61899	2.07288
1.19032	-7.27427
-2.66339	-8.2327
-1.89641	-0.33045
-8.2715	1.57294
-12.7187	1.22393
-4.89496	2.46596
-5.52262	0.747554
-2.14712	2.38717
-6.63836	-4.35232
-7.90034	-4.49027
-3.02181	-4.54727
0.665874	-12.2756
0.331676	-19.245
-1.03962	-21.4376
-2.21198	-25.3481
-5.85951	-21.2629
-2.26639	-23.1884
-0.204562	-21.6722
-0.861354	-14.8854
-2.68533	-13.2868
-5.17191	-14.0322
-3.17525	-13.1902
-1.11234	-10.1574
-2.19741	-9.29112
-2.56476	-10.0905
-0.0561582	-12.2991
-1.12433	-13.9425
4.36941	-13.8405
3.83425	-12.8482
5.84558	-15.9919
3.13973	-11.2081
1.27228	-9.70228
1.98597	-9.82802
2.96111	-11.3014
4.35602	-11.7075
2.80595	-13.8017
2.14421	-11.6859
3.83591	-10.9704
2.62073	-11.4397
4.09695	-11.704
6.99735	-9.99447
8.97005	-6.691
5.61096	-8.19156
10.9683	-17.6464
1.71778	-20.5418
-4.56363	-18.3973
-2.97409	-20.6601
-2.21391	-21.4914
0.103048	-19.9911
4.67005	-11.5429
0.689102	-4.57352
2.80578	-4.69558
1.91257	-8.66732
-0.17112	-13.36
-1.15576	-15.0524
-0.640128	-16.6857
-1.63103	-17.6142
-1.59436	-18.1169
-2.36459	-15.5116
-1.42964	-17.4069
-2.01302	-18.4972
-0.737621	-13.1761
5.35579	-15.1043
9.34535	-19.1007
8.2467	-16.6319
8.68789	-17.9691
9.78258	-21.8289
12.2913	-22.7153
4.50945	-20.2812
-2.93835	-20.7264
-6.72012	-21.8031
-3.68455	-22.7368
5.41303	-26.0713
7.41735	-17.6646
10.9741	-3.37228
9.16385	-8.19934
1.94352	-12.2042
-1.46505	-8.34109
-3.18527	-9.76819
-3.99713	-10.0455
-5.98496	-9.79595
-2.94868	-7.33849
-5.24504	-4.78321
-3.81873	-4.43899
1.70144	-6.11388
-1.08966	-11.5157
-1.55559	-14.0985
0.958793	-14.943
3.86522	-16.8941
7.503	-17.0893
4.75554	-16.5711
2.83769	-20.3
1.17374	-21.8389
0.0604433	-21.1981
-1.50206	-18.2108
-0.445378	-18.259
0.337464	-16.5503
10.4436	-5.70309
11.4138	-7.90226
7.2594	-6.20361
6.20606	-5.15736
3.88089	-8.61207
-2.40738	-13.0528
-0.252587	-12.3892
-1.49251	-20.651
-1.734	-21.7161
-0.859203	-15.3233
2.36422	-11.4206
-1.2806	-11.7468
-3.22603	-11.1254
-3.67166	-8.65173
-3.69319	-10.7405
-6.66032	-12.0797
-9.64705	-11.8827
5.0662	-8.47087
1.89119	-1.79473
0.902034	-3.41486
-3.01078	-10.9179
-3.66503	-9.08998
-1.44924	-9.89606
-0.525154	-7.97633
1.50069	-9.93215
2.26099	-2.08341
-1.38867	-6.71386
0.962506	-0.227893
3.45253	-3.21051
3.9871	-1.41585
-5.02495	-2.12061
-6.71812	-2.54829
1.50862	-4.65689
-9.94666	-16.0201
-6.95718	-12.1208
0.578356	-4.67273
4.05683	-4.9407
4.05688	-1.58545
0.99079	-3.88792
2.39139	-3.53729
2.92512	-3.71752
3.41022	-5.2641
3.12213	-3.57743
-1.02825	-4.72681
-1.04935	-7.68178
-0.995338	-3.11669
-5.99796	-3.84795
-1.53569	-0.0718865
1.00001	-4.10071
0.567077	-3.73742
-3.50189	-5.30623
-4.80669	-3.16115
0.876253	-5.10954
3.11225	-4.15733
0.114415	-5.60273
2.10033	-6.87833
3.42639	-5.05236
-2.58133	-4.87696
-2.53184	-6.61073
0.691484	-2.28011
-1.66267	-3.19998
-1.57115	-5.05325
4.92022	-2.2664
3.8194	-4.23735
-0.275271	-3.58718
3.24439	-0.517198
5.36158	-4.1336
0.819711	-5.51004
-6.26737	-4.06853
-7.94098	-6.01307
-11.8449	-4.03988
-11.734	-4.23689
-8.77256	-1.56567
-4.40812	-1.4045
3.80355	3.73041
4.11473	2.02266
2.14814	-2.67343
-0.240318	-6.08398
-3.49998	-7.77858
-5.74015	-5.27563
12.2209	-1.45752
5.91496	-9.31861
0.172815	-11.0704
1.16369	-9.29602
-0.382828	-11.7436
-0.610375	-9.3699
-0.38462	-7.7044
0.7269	-2.51521
-0.031668	-3.39261
4.48048	-4.36398
17.2659	-7.23514
15.6007	-9.57343
16.1637	-10.2227
14.0811	-12.6148
10.7462	-16.1905
6.0448	-7.71625
6.27319	-3.91271
5.22014	-3.93098
8.00427	0.219649
6.46739	-9.87896
3.13444	-19.966
-1.99241	-19.3135
0.571061	-19.6966
5.21977	-21.3522
4.14382	-16.3188
6.35712	-10.6999
3.75685	-4.28131
-3.57509	-4.91445
-8.97411	-9.73676
-5.81261	-3.93138
2.30354	-3.91852
-5.13266	-5.29577
-5.35837	-3.87046
-5.13236	-3.30198
-3.18908	-2.90795
-2.95171	-8.10276
-2.09421	-16.9545
-0.857537	-13.3004
-0.258787	-14.3085
-1.23776	-16.4643
1.48083	-16.0151
-1.25035	-13.5266
-0.467831	-13.4939
-0.712998	-15.6274
-2.19329	-12.2046
-0.727577	-12.3209
-0.566295	-13.7928
-2.71595	-15.2794
-2.04167	-15.258
-0.0899875	-19.5927
2.7874	-23.5039
4.32224	-23.2338
2.54636	-25.7375
1.05851	-27.8174
0.534354	-24.3763
1.69097	-20.2543
0.770725	-18.1746
0.0917776	-14.2645
3.30808	-15.0343
3.2763	-14.6043
5.15468	-14.5463
3.61166	-11.211
0.400815	-11.276
-1.00414	-3.17589
4.17569	-3.33397
7.07541	-5.38138
5.08695	-2.64861
-1.98423	-8.01212
0.417029	-5.67487
0.347292	-5.46357
-0.137734	-3.55418
0.870854	-2.75008
-2.58012	-4.25819
2.02742	2.35122
3.5658	2.84787
2.13538	-6.22377
5.01272	0.0424365
12.3861	-2.39003
9.93286	-15.064
7.63699	-19.6736
7.26526	-16.9177
2.99696	-18.7583
0.525499	-15.1816
2.08717	-16.0128
0.703724	-18.1866
1.38213	-18.9016
4.13593	-19.4802
6.60166	-13.8956
6.28541	-4.53753
8.5432	-3.6397
7.10175	-3.38068
8.33643	3.97692
6.5751	0.0459834
6.97756	-5.40038
6.79418	-4.87908
4.60171	-2.00256
2.4292	-1.19328
9.13525	-10.5448
10.7169	-13.499
7.83237	-9.5136
7.97468	-5.07725
8.04644	-0.0210882
3.06121	-3.25529
-3.69073	-0.53814
-7.94236	0.605762
-7.58589	-4.57693
-7.86779	-6.42317
-3.04398	-8.05584
5.0151	-7.90703
6.16419	-6.99208
6.40665	-6.00968
5.43101	-5.46806
5.79766	-5.99903
7.248	-5.86817
9.13673	-1.59646
12.4037	-3.43435
13.8984	-3.07807
2.09626	-5.94102
-3.78986	-2.65005
-2.2804	-0.178078
-4.18543	-2.40276
-3.42063	0.176118
-1.08203	0.419596
-0.757631	-1.13224
2.51423	0.0344491
2.04544	-1.76465
5.4533	-0.928948
4.0269	-1.45045
4.26035	0.000421601
1.01421	-1.01098
-5.47089	-3.55233
-2.16333	-2.25525
-7.16464	-1.78964
-1.22347	4.30304
-2.85061	1.74657
-0.628773	-1.71721
0.038522	-11.606
-0.118814	-16.0658
0.900105	-19.0091
4.43496	-17.9979
2.10541	-17.1208
5.74347	-15.2614
7.11124	-19.1984
9.83582	-22.7352
2.83561	-15.874
-1.47974	-13.1063
-4.02127	-6.87227
-4.76691	-3.62182
-5.58576	-1.30615
-1.17128	3.5295
-8.84855	1.34117
-4.9014	3.64095
3.1314	-2.40191
0.836022	-9.32949
1.87566	-10.4594
11.8891	-13.6191
14.0149	-13.8785
15.5076	-7.66022
17.4258	-14.2434
13.1081	-13.1147
12.3888	-14.472
11.8814	-16.5232
7.36067	-9.14815
7.36357	-9.02205
1.40507	-9.40256
3.02208	-12.3813
2.48356	-16.0633
1.41246	-12.6004
1.14211	-12.2867
-2.53344	-6.78779
-4.49389	1.68886
-4.91456	1.35842
-3.74453	0.205699
-3.23043	-0.718807
1.7659	-2.36255
6.07485	-5.20125
5.1644	-5.11635
4.8163	-5.88995
2.06184	-6.43646
4.14265	-7.79104
6.04418	-8.76263
6.8433	-9.48782
3.45988	-6.49471
1.84003	-4.92453
2.8657	-8.6074
4.68853	-12.178
3.569	-14.844
0.162544	-13.1343
-0.830884	-12.5852
-0.541484	-14.56
1.08481	-12.7859
8.88951	-13.0558
8.77993	-13.0898
8.51208	-11.9294
9.17568	-9.81934
10.745	-11.2279
8.74979	-8.02662
3.40135	-8.08941
2.08707	-6.11917
-0.129629	-1.21761
-1.7174	-2.62006
-1.21887	-1.32737
-1.86589	0.371042
0.123128	0.899208
2.18113	0.995178
6.65009	0.243276
9.19235	-17.9751
11.7983	-16.8859
14.3501	-19.6328
15.1689	-26.9447
12.4077	-30.9251
10.7446	-32.0844
9.64062	-28.4893
6.58084	-30.1094
4.66164	-27.6532
-1.18205	-21.3642
-3.56709	-22.7768
-2.30817	-20.8368
0.0982584	-18.9945
3.05049	-14.5498
2.13523	-15.6408
1.69525	-12.9399
2.74438	-18.3998
2.18831	-15.9765
-0.353335	-11.1895
2.27803	-4.33483
1.98076	-6.36548
6.95463	-13.361
5.43254	-18.7208
4.16812	-16.3805
5.0467	-9.70514
3.98295	-9.54174
4.84603	-8.96921
-0.230485	-10.4937
-0.589146	-5.85461
5.6741	-0.565386
9.04322	-8.19222
10.4703	-7.17575
5.1656	-3.41136
5.87686	-2.13865
2.82346	0.167183
7.37991	0.463308
-0.0656028	-4.46175
-0.0974926	-7.32274
5.45872	-5.87377
3.50993	-5.01798
0.908934	-4.78726
2.56697	-2.60002
2.8643	-6.16741
3.79243	-12.5292
0.904432	-5.67505
-1.23111	-7.63231
1.02256	-6.58029
0.647956	-3.40822
2.12452	-6.68761
3.6849	-6.04336
2.95803	-6.15774
4.43756	-12.8661
5.66236	-5.99313
4.55284	-9.5083
4.88428	-9.20963
8.06686	-7.81576
8.06899	-11.9877
6.89908	-13.0035
6.84686	-11.5541
7.36042	-10.7095
9.75557	-12.2211
10.1599	-16.0402
7.15443	-11.6423
11.0225	-6.88316
9.00599	-12.8403
10.29	-10.5257
10.9851	-8.54552
5.96156	-9.02393
7.05707	-11.3395
10.7393	-7.79194
7.01513	-10.8278
4.69584	-12.9143
4.02363	-13.5405
7.30625	-8.26025
6.2825	-3.55914
2.01311	-7.2863
-2.25823	-5.87756
-3.69926	-7.22794
1.34152	-5.94984
-2.20614	-6.30833
-1.51841	-8.15435
-0.696305	-4.45386
-0.101986	-1.32667
-0.322312	-3.65136
2.75549	-1.75082
1.69396	1.24475
5.59159	-1.90818
7.38815	-5.4107
3.52304	-4.76268
2.20447	-10.8427
9.53704	-1.68326
6.80043	-9.18462
10.4108	-13.0633
14.8833	-15.6484
14.939	-16.7625
13.0414	-13.7834
12.0301	-14.5034
11.3429	-13.602
10.3891	-12.5249
1.87142	-8.90431
-0.290974	-13.3178
-7.95167	-7.48605
-10.2281	-5.26664
-5.16637	-4.91277
-3.44181	-7.99472
-2.03089	-15.1335
-1.89576	-23.2024
-1.22242	-28.5535
-5.55501	-27.5247
-6.69426	-26.0355
-5.12587	-23.2512
-5.93625	-20.7388
-4.245	-24.172
-3.49838	-18.8657
-4.23855	-16.8985
-4.13144	-15.2662
-1.32016	-12.0749
-2.98421	-13.6046
-1.12307	-14.7696
3.22109	-15.1973
6.28808	-20.3588
8.19951	-18.1012
8.40832	-15.5066
6.61773	-11.8554
5.60995	-1.89144
4.94639	-3.0392
1.49187	-12.8888
7.72185	-19.8468
5.12087	-23.3548
2.32415	-21.2769
2.17537	-15.6238
-0.00542977	-15.411
-0.503857	-14.6486
2.19666	-12.501
4.8976	-13.9283
4.0242	-19.7905
2.93544	-17.3758
-3.25294	-6.24298
-3.68798	0.743864
-1.67586	4.10824
-1.32352	5.41177
-1.88009	4.14394
-5.14739	-4.95128
-7.24415	-10.7196
-6.14777	-15.4683
-2.96825	-18.9184
-2.82242	-17.3627
-1.15179	-17.3579
0.0874979	-15.6662
-2.20142	-11.6321
-1.84879	-6.90571
-0.296355	0.362188
-3.03895	-2.70983
-4.61274	-5.58233
-3.42246	-3.22205
-0.291443	3.87773
-1.06942	4.95661
3.27432	4.42059
-0.337308	-0.346551
-1.43534	-8.88053
-0.494953	-8.30425
3.08119	1.50585
-0.0984176	1.5537
-4.43739	-1.17846
-2.61205	0.920463
-0.189775	-8.9759
4.382	-7.31935
3.46151	-13.5527
6.71806	-18.8393
11.7537	-13.0703
8.92158	-14.3159
7.30673	-23.1036
4.03794	-19.4839
2.01912	-17.9209
2.84116	-15.5943
3.98582	-15.7439
5.35477	-15.5315
5.24	-13.1432
11.117	-18.1964
12.9686	-18.3275
14.3549	-13.5283
18.61	-11.7128
19.685	-12.0126
15.6562	-11.1128
11.68	-14.0547
10.9431	-14.7753
6.86248	-14.177
4.09772	-17.2023
1.29921	-18.5839
-0.849538	-15.8457
8.72174	-14.6688
8.93512	-3.64991
8.38535	-3.7375
4.11287	-8.54465
-1.4313	-11.0947
0.781332	-11.5588
1.64593	-9.35771
7.99175	-1.93591
5.36185	-8.96058
9.75828	-6.2617
8.78343	-8.1098
4.28554	-6.89703
6.53564	-6.58791
5.90766	-4.09685
6.40537	-1.98034
2.39977	-1.73916
0.739034	-4.55341
8.42601	-0.192978
1.82705	-3.19367
-0.888478	-3.747
1.61477	1.66178
-3.86677	-1.18767
0.803927	-1.20397
1.7554	2.97815
2.56652	1.10311
2.53528	2.97443
-3.19597	-5.85324
-4.54389	-5.21845
-1.5119	1.28597
-0.829174	-5.62216
-4.65258	-8.56109
-2.2276	-2.90096
-0.276976	-1.65056
-1.33332	-0.521841
-3.63977	-5.11736
-0.96554	-7.49769
0.292399	-8.17845
0.331373	-8.83128
2.34657	3.02999
-2.01875	-1.22566
1.63119	-1.20269
-0.751816	-7.49982
-6.7182	-14.9945
-1.78764	-2.72087
-2.34602	-2.217
1.14465	3.04591
-1.69757	-2.95608
0.234032	-0.766798
-5.03537	-13.8324
-4.27554	-16.3126
-7.27673	-15.9362
-7.21585	-15.4941
-4.62183	-14.899
-6.90402	-11.7977
-6.14228	-7.83419
-2.00713	-11.3697
0.0718876	-11.029
16.4669	-11.5515
16.6453	-13.1062
10.6987	-13.4504
10.9517	-13.4075
10.2652	-9.29006
10.7493	-12.4317
8.9302	-6.1193
7.09461	-4.33525
13.2064	-7.92095
12.5066	-8.94793
4.96095	-4.15336
-9.44666	-6.29209
-18.2992	-7.74028
-25.1319	-6.58502
-17.2704	0.639654
-18.7042	-4.99611
-20.7293	-3.38642
-12.8955	-2.94269
-9.12488	-4.52763
-17.4947	-6.20329
-14.8902	-5.87526
-8.00319	-4.02503
-7.61596	-0.865085
1.9085	5.62237
0.535373	-2.86449
-4.89939	-9.44559
-6.73685	-8.17602
1.19636	-1.07049
6.99027	-4.3185
8.67942	1.27794
9.59457	2.55029
6.42725	2.72906
4.53468	-0.650553
1.70906	-1.32914
0.602903	-2.99854
1.71345	-18.0265
0.920298	-13.6342
-0.731147	-1.75629
-6.50254	-3.49403
-16.2376	-9.50677
-21.4667	-14.65
-19.0407	-16.604
-19.237	-12.8393
-14.8367	-13.705
-8.28287	-17.9564
-3.64166	-17.5095
0.114857	-12.9362
-0.972055	-15.082
-4.50282	-18.2279
-6.29529	-15.5785
-4.45338	-10.3081
-2.02101	-10.6037
-2.11709	-15.3929
-0.850588	-14.6621
2.36274	-8.21765
2.17727	-6.01538
0.505799	-10.6327
1.6782	-16.608
1.66202	-19.4829
1.14206	-21.5455
-1.3064	-21.4515
-0.931999	-21.688
0.489921	-15.9984
1.1018	-17.5503
-0.709786	-16.9446
-4.47028	-12.4952
-1.37353	-11.961
-0.64644	-10.8333
-3.47335	-12.9773
-3.22487	-13.4097
0.876193	-13.0383
-0.689485	-14.6199
-0.105482	-17.142
0.770307	-22.2112
-0.0679013	-21.7721
1.68919	-19.1016
0.911641	-17.8096
-2.19678	-7.08118
-4.03844	-5.45837
-2.64696	-2.13703
-2.26803	-1.69967
-1.06895	6.62584
-9.66192	6.73851
-7.45577	10.2464
-6.97724	8.46473
-4.6173	9.0534
-7.87362	-2.36734
-5.68826	-4.41426
-3.83601	-7.23311
-0.74778	-4.13072
-1.44433	-7.51041
-1.21646	-9.42229
-0.658026	-9.54354
-0.768323	-8.20951
1.49556	-9.8839
0.458168	-8.58684
-1.89009	-6.24194
-3.15138	-0.95203
-2.85873	6.05754
0.395489	-2.58625
2.88959	-11.9993
6.14635	-18.4044
7.86252	-20.2225
13.5282	-22.4105
13.7131	-26.4645
10.6598	-26.0267
7.92172	-24.9984
6.59833	-26.9108
5.43212	-23.6083
1.3049	-22.6919
-2.60877	-21.0421
-2.93626	-18.0073
1.96649	-16.6566
3.78477	-13.4175
3.62714	-13.2608
5.72143	-12.6323
4.55294	-15.217
4.20779	-9.70907
2.85612	-11.1477
6.73307	-4.46704
1.71781	-9.3954
0.34584	-8.31055
0.92993	-11.3026
8.80034	4.85637
6.56311	2.24803
-1.61871	-3.88754
3.06207	-3.83448
4.66308	0.590997
-0.343484	-0.793095
-4.32584	-2.51623
0.657406	-6.00151
-2.00968	-3.14449
-4.61074	-3.97574
-1.9801	0.283894
1.54903	3.10816
-3.42658	-1.75436
0.0159471	-0.350661
-11.9093	-8.25723
-0.536703	-11.9697
-1.11271	-14.6125
-2.40074	-13.4497
0.728612	-10.5337
1.65731	-15.2331
0.395989	-11.445
-1.75532	-5.13953
-2.2156	-2.84185
-4.73868	-4.29363
-5.77863	-5.56295
-1.67832	-9.86642
-1.1858	-9.38164
2.27175	-7.05041
0.357374	-3.86715
-1.34784	0.669122
1.15331	0.513478
-2.07138	0.101774
-8.67487	-2.95457
-5.90784	-2.70386
-5.87714	-2.53978
-2.39699	-0.562532
-5.02186	-1.03126
-4.37257	-3.16479
-4.86927	-1.31585
-11.4999	-1.12727
-15.5459	-1.69543
-17.6658	-5.81991
-10.8159	-8.08232
0.582602	-3.83402
5.014	-3.05009
4.88274	-3.78967
8.8082	-2.95201
5.11879	1.55228
5.7956	0.741098
3.19543	1.35189
3.03924	-3.90265
-11.458	-7.68128
-16.8517	-11.2496
-20.0263	-15.4739
-12.7584	-7.91205
-13.7564	-12.2053
-8.09347	-12.4996
-9.93784	-17.2191
-16.2727	-17.6351
-15.4812	-14.0096
-14.4124	-13.2304
-13.1467	-14.9392
-9.63938	-16.6723
-6.19227	-12.4503
-6.0278	-6.03139
-7.4301	-1.67641
-8.08739	-5.34786
-1.86162	-4.79284
-2.52487	-3.99144
-2.88517	-1.70736
0.502631	0.923382
-0.292552	0.751654
-0.787366	7.23684
-4.3873	6.9852
0.456397	4.94284
-1.38351	6.07232
-4.17269	4.04195
-2.50302	4.03214
-5.09606	3.91506
-3.24335	6.63505
-2.46165	7.74494
-2.83175	6.32926
-3.77834	1.66845
-4.42397	0.197842
-4.74315	-1.21125
-6.78247	1.1887
-8.61739	2.80037
-12.0732	1.23356
-11.2396	1.84011
-9.54309	-3.51763
-6.58392	-6.311
-0.816663	1.4077
-0.79373	-0.365243
-0.958219	-1.42956
-4.01935	-6.01828
-0.105522	-4.87577
-4.68749	-8.53495
-1.81916	-7.95027
1.96734	-4.59763
-1.05592	-5.06128
0.145676	-2.6019
-2.14709	-5.15286
-2.29871	-6.90244
-0.952892	-6.20611
-2.66669	-7.60987
-3.73069	-8.73612
-1.84988	-2.97422
-2.71303	-7.58269
-5.65936	-11.2271
1.20868	-4.79678
-0.28426	-5.9593
0.687457	-2.81098
4.63855	-1.0529
1.47266	-7.41423
3.0714	-5.53355
3.67238	-1.6143
3.84341	-2.04428
4.02553	-0.645507
13.975	-4.79928
14.7821	-4.55795
14.1397	-6.30458
18.7596	-10.7405
19.7644	-13.9733
13.8279	-10.9956
15.1399	-13.6678
13.2288	-9.83548
8.99442	-4.88831
8.53575	0.534887
6.12795	-1.33449
4.34922	-9.39226
3.87126	-19.1817
6.03618	-23.6135
5.57764	-20.703
3.16304	-14.1544
2.81096	-17.6416
7.3271	-15.3729
10.2039	-2.72049
8.43835	-0.114272
9.93812	-1.44863
8.30688	-8.03857
9.23691	-6.42352
8.86827	-3.74094
6.41218	-1.26173
8.73598	-1.71967
9.20872	-6.22948
3.37374	-8.38753
-1.31468	-9.65826
-8.95128	-7.86433
-7.31904	-3.98277
-4.54894	2.96954
-4.03712	-0.781996
-0.545593	-5.5252
-1.64269	-8.77909
3.50514	-14.3202
6.46903	-18.3268
7.1356	-17.1398
8.4305	-17.1222
9.53194	-13.4456
12.3011	-12.7742
13.4591	-11.1025
10.9381	-9.79993
-5.23951	-5.4667
-11.9554	-5.58444
-6.32718	-9.71995
-0.792766	-7.19037
-2.0395	-4.67798
-1.80266	-5.67505
-2.91257	-10.1092
-6.99471	-7.78565
-11.2725	-8.12936
-11.2487	-9.99202
-13.1595	-13.6316
-14.1258	-11.5809
-13.9127	-12.2014
-11.2161	-12.1943
-5.9328	-13.7833
-0.839896	-12.7153
1.75768	-14.6355
1.79721	-19.3499
1.67132	-21.3164
2.78983	-24.3634
5.70877	-24.7782
9.6178	-25.1582
15.2078	-25.9897
14.934	-28.6694
17.4897	-24.3321
14.1658	-18.172
6.32789	-9.22447
4.7694	-7.8975
-3.59551	-3.6443
-2.43797	-5.4395
-2.42862	-5.99339
-0.613399	-7.14069
0.973083	-6.92225
0.891185	-11.1178
0.227166	-9.06228
5.74082	-10.4471
4.36147	-26.0598
3.57065	-31.1309
3.75163	-32.4494
2.89031	-28.4459
1.40376	-17.2311
-3.16126	-11.3465
0.594907	-2.27907
-2.43591	-2.42059
-0.903839	-2.59724
9.00864	-3.96528
12.4422	-7.18617
10.7123	-14.3885
13.1696	-20.57
12.9188	-22.7117
11.9447	-22.208
12.2427	-24.4753
9.93149	-21.073
3.45682	-23.9904
0.341461	-18.8042
-1.60135	-10.4124
-1.46434	-11.2173
-0.11984	-14.2119
1.96066	-16.9552
0.297293	-14.2012
3.30971	-17.1248
3.50589	-16.99
5.52204	-12.9656
6.48528	-8.61268
4.10204	-10.4731
6.31638	-11.518
4.95454	-15.0331
3.51629	-13.5072
0.869923	-12.2908
-4.11282	-15.4612
-5.26632	-15.3925
6.27121	-6.90482
8.10043	-9.83581
7.45987	-10.5886
7.0928	-9.64374
3.38951	-6.85445
2.35658	-2.29958
6.7529	0.912433
5.79098	-4.15047
-0.287919	-7.82605
-1.1273	-10.355
0.485417	-16.602
2.09172	-13.4318
0.643038	-9.97959
0.802446	-6.60339
-3.41945	-13.8734
-1.10821	-12.9832
-2.23408	-11.1148
-4.48643	-8.01564
-5.01994	-11.0993
-5.00798	-10.105
-7.94019	-7.72794
-6.63814	-14.0224
-7.47853	-12.9259
-7.85876	-15.2272
-7.47308	-17.4835
-10.2536	-20.5425
-9.67532	-17.8547
-10.4809	-12.5775
-8.51757	-10.2943
-7.63314	-8.28315
-9.689	-7.43121
-12.4452	-4.32515
-11.0418	-3.09351
-6.71607	-0.922625
-11.4673	-5.09377
-4.16896	-4.27316
0.556981	-1.59894
-0.946744	-6.00843
-0.850354	-3.12825
-7.84438	-6.15096
-3.30019	-6.82197
-6.56541	-4.4261
-5.45408	-5.91433
-3.04634	-6.57287
-5.6493	-7.09678
-7.31485	-10.3545
-6.17067	-7.50831
-0.878055	-5.68575
0.759641	-3.12861
2.1066	-3.16791
-1.00018	-8.40769
-1.29591	-5.68203
1.21484	-6.72696
4.15371	-5.23482
2.66365	-7.76955
0.112247	-5.66564
-0.837811	-6.90559
0.0564888	-4.18454
-0.0900523	-2.62319
2.7816	-4.22759
1.73809	-4.6039
2.332	-1.54694
-1.32837	-4.90355
-0.767947	-3.26555
4.01778	-5.21337
5.38695	-9.21236
4.51318	-7.66921
9.65535	-4.12413
8.88702	-4.36813
6.56124	-8.9618
6.30123	-15.0934
5.10359	-4.5849
0.616433	-3.88839
0.324015	-4.68166
-3.93183	4.82956
-1.54514	3.96335
-4.17634	-1.00555
0.53864	-2.68251
2.59672	-9.87421
3.943	-14.168
5.84224	-14.5063
4.31251	-15.6466
8.26651	-20.7704
5.38566	-19.0771
2.73073	-3.14126
3.93361	-0.0214485
3.55597	1.85081
8.8974	-3.94499
9.37776	-0.757256
4.78133	-0.712626
1.20106	-4.46511
-2.90333	-9.78793
-2.23401	-9.22664
-0.0131673	-4.14351
-5.85481	-7.4181
-5.8782	-5.72653
-6.6996	-6.05057
-2.40289	-3.94227
-0.0264475	-1.61733
7.03913	0.102595
8.24245	-3.19019
5.39406	2.16596
-8.64658	-5.4492
-8.38413	-6.94224
-6.25968	-8.5704
-1.25922	-8.6644
-1.38839	-6.48748
-1.41308	-5.58449
-2.07454	-8.38193
0.867257	-9.43237
-0.533582	-6.21101
2.6998	-14.4936
-0.0554233	-16.1384
-2.40495	-12.7997
-0.576727	-14.0706
1.82636	-9.32321
-2.17148	-8.08434
-3.93356	-7.57805
0.726853	-17.3174
3.32075	-17.1463
3.62034	-15.5713
2.62939	-16.296
2.68952	-18.836
2.88762	-19.3456
4.20734	-20.7745
2.07289	-18.464
-1.85037	-14.8943
-4.94927	-11.5912
-9.70745	-11.4382
-12.999	-14.4543
-15.3494	-15.0975
-16.141	-13.3121
-11.7204	-14.2493
-9.82031	-13.1112
-6.08785	-12.8734
-5.53642	-10.9643
-1.98992	-14.125
-0.702102	-11.4094
-3.54822	-9.44054
-1.39309	-7.72822
0.460586	-5.81033
-4.67473	-9.23305
-3.2496	-6.97978
-1.38623	-11.8447
-4.27947	-15.415
-5.04988	-12.2775
-2.76037	-13.2436
-0.0862661	-7.34567
-4.98433	-13.2585
-2.47933	-11.187
-1.52124	-10.9716
0.380698	-19.6475
0.301943	-7.24754
-0.709079	-9.89951
2.2236	-8.16017
-3.33245	-8.73885
-0.344039	-11.7546
0.713276	-7.99183
-0.857318	-8.05797
-1.11154	-6.29491
3.81761	-4.79335
2.76565	-10.77
0.171846	-10.4093
-1.7642	-13.569
-2.8854	-11.4079
-0.566292	-6.31969
0.546972	-8.20304
-0.875463	-4.46208
0.105159	-3.1143
1.03041	-0.0835476
-2.16322	-1.98918
2.01657	-3.23015
-0.143494	-1.91701
0.0193115	-5.78797
-0.567359	-2.06763
2.87133	-1.18782
-1.10758	-4.45599
-1.484	-8.22312
1.41425	-3.51449
0.759295	-9.06692
-0.253689	-6.96379
-0.459136	-1.38078
0.421144	-3.99789
2.64547	0.0932147
5.68958	0.521558
8.09288	1.94133
2.41662	1.41078
2.20252	-4.49046
4.34359	-6.91581
8.09615	-10.4869
13.2148	-4.97481
14.6203	-6.83062
12.1833	-11.6513
19.6913	-9.1178
15.5276	-5.42456
13.0302	-4.06724
13.2966	-4.74178
9.70108	-4.82182
7.11136	2.40041
5.69655	1.99472
4.70064	-1.56802
-4.49679	-13.5402
-6.48435	-7.48738
-1.19512	-3.16546
5.02516	-4.84694
4.76092	-12.3107
9.44222	-16.907
6.03821	-21.7782
6.35519	-15.0345
4.67	-11.1309
5.52854	-6.80288
-3.46558	-6.31301
-4.64807	-4.89231
-4.56916	-1.06526
-1.7752	-3.88722
-4.32331	-3.05321
-3.21457	-6.74384
-1.54558	-5.93835
0.00671636	-3.14651
0.668811	-4.92625
-0.715666	-6.04037
-0.881523	-6.46642
0.13133	-6.43819
-6.22981	-13.2995
-6.11447	-15.6488
-1.81878	-10.2246
-1.93643	-10.8348
1.18155	-12.8038
3.63936	-13.7081
1.99255	-24.5461
1.18477	-27.5064
0.436552	-27.3219
0.632849	-26.7184
1.60984	-24.3114
3.83412	-23.1962
4.54211	-27.8745
2.39294	-30.9588
6.01226	-32.2096
5.27701	-33.1258
1.32283	-30.2755
0.803294	-27.8754
3.6963	-20.877
4.16894	-18.106
4.22356	-14.2961
4.71615	-10.6686
6.79391	-11.8185
5.85464	-7.3422
4.5288	-6.24961
3.77619	-6.6673
3.23769	-8.59247
5.5066	-10.9197
6.33293	-10.1056
7.30369	-13.4113
6.79084	-16.1134
7.24273	-19.4901
6.53516	-26.2835
6.94322	-30.7031
7.22159	-33.6333
6.57339	-34.6007
8.00152	-35.1111
7.79592	-31.2581
8.42934	-29.8109
10.3597	-25.6974
9.73693	-24.3019
6.16923	-24.2681
4.44711	-22.4674
0.0883354	-17.2417
0.415587	-12.5325
2.44538	-11.8262
3.62471	-13.1599
1.50328	-13.0544
1.00408	-10.7381
0.966235	-7.61811
3.06601	-10.905
3.03069	-11.706
3.8523	-14.6155
4.64814	-18.8553
3.39252	-21.4723
1.99535	-18.5668
0.4547	-16.3211
-3.22475	-14.4045
-9.15902	-10.0976
-12.0787	-9.70051
-12.8729	-11.354
-5.32075	-12.632
8.91456	-11.898
9.95274	-11.6265
8.3404	-11.1728
11.2351	-10.5992
10.6528	-7.42722
12.0499	-6.75012
13.1781	-5.95398
14.5743	-7.65564
13.4922	-8.36633
14.3029	-8.83215
15.4325	-8.60183
14.3585	-8.6827
12.0048	-9.10598
6.61458	-15.3684
3.96894	-21.6309
2.40545	-22.3952
-0.224569	-22.2338
-4.0897	-23.0291
-1.84592	-21.8075
-2.66622	-24.0951
-0.515529	-23.052
-1.90926	-21.3674
-4.39885	-16.1661
-1.57119	-18.4787
-2.27663	-17.2435
4.75383	-5.15087
0.463024	-1.76282
-0.0517463	-3.98927
-7.00142	-5.11557
-8.88435	-4.5371
-4.21751	-1.11064
-6.2374	1.15687
-4.7564	-0.917762
-4.83373	-2.16576
-4.97418	-1.39148
-9.07955	-0.914565
-8.82839	2.26211
-6.14082	-1.45585
-5.85636	-1.98307
-7.90797	-3.5727
-3.68865	-0.269786
-2.61039	-4.70055
-0.776634	-18.8373
2.25768	-17.8552
3.56902	-15.9167
2.12907	-15.1292
2.15991	-12.0987
0.117679	-13.593
-2.08912	-7.6945
-0.789016	-5.90269
0.783349	-4.80485
0.0686164	-8.22147
1.96635	-12.708
-2.53531	-12.7553
-1.30915	-9.88437
4.22085	-12.6472
1.51689	-9.85434
2.56255	-14.6029
0.695078	-3.25091
3.78233	-5.98943
2.16613	-8.41971
0.0773787	-10.6343
2.63511	-12.5871
1.81727	-15.6876
2.13819	-17.1919
3.31361	-15.2295
-0.317418	-10.1184
-2.9733	-7.6602
-5.1319	-5.35286
-7.04789	-6.23809
-6.62723	-6.49572
-4.9458	-9.0311
-3.39324	-12.5862
-2.99428	-10.629
0.0397362	-9.49151
1.20623	-10.1162
2.65056	-11.9865
2.72485	-11.8131
4.60414	-15.2691
4.62339	-15.7471
5.30641	-19.1649
5.45514	-21.1971
1.05095	-5.19365
-3.76178	-6.23612
1.00845	-19.0381
2.41521	-22.6025
4.54327	-24.769
1.6083	-26.1763
0.234995	-24.2271
1.64785	-24.3773
1.74894	-22.4033
2.65983	-18.3822
3.1584	-16.0063
4.19465	-10.7187
3.22472	-2.25015
0.019713	-2.2601
-3.15177	-6.36185
-2.29316	-6.75639
-0.0460212	-7.31591
-2.26336	-12.9907
-4.36208	-15.9582
-2.08419	-8.517
-2.78849	-8.82183
-2.74322	-9.93608
-0.471881	-12.8675
1.14833	-11.3625
1.93917	-12.803
2.16381	-10.9768
3.54256	-10.0699
7.91176	-12.4439
5.5781	-11.1427
5.69296	-5.09651
6.19792	-12.7936
8.93937	-12.108
5.53119	-7.75718
2.26932	-7.82582
4.50191	-8.10858
5.27935	-2.10031
2.0477	-5.02792
-4.50804	-8.39994
2.22893	-2.0009
0.822494	-5.7655
-1.63331	-8.82369
0.0259562	-2.42926
1.54037	-2.44226
-3.10932	-5.04391
0.768708	-0.442674
-0.0648957	0.211104
0.0178839	0.200585
-0.0465902	1.04027
3.40566	-2.8519
2.80513	-0.641104
1.61861	-5.60383
-0.355389	-4.62005
2.23406	-4.05552
-2.14282	-4.45539
-3.20158	-4.66163
-1.88891	-5.01959
-0.806839	-3.12869
-0.264854	-3.2069
-0.674715	-5.95296
-0.176958	-5.1806
1.18177	-9.10731
-0.785587	-14.7349
2.14625	-14.6075
1.65035	-7.49606
2.1919	-5.69595
2.02846	1.47559
3.71761	2.57071
1.87462	-7.01912
6.7199	-5.22025
3.31046	0.477228
1.78998	-2.46797
0.919224	-7.48417
1.02182	-9.97676
0.558263	-11.0564
-0.0708734	-9.29624
3.56156	-9.25613
0.847751	-8.93443
-2.86986	-12.4248
-0.687841	-16.5006
2.15483	-27.0076
4.66702	-26.5729
7.22094	-21.0835
5.88393	-17.4001
5.50391	-16.1459
10.7168	-21.1552
14.8184	-16.6284
15.8241	-16.8709
15.006	-17.1757
12.5855	-17.9058
5.6201	-20.2469
-2.92992	-19.4286
-6.29692	-14.848
-6.35281	-14.483
-7.15752	-11.7985
-6.35879	-13.7599
-5.51865	-14.0031
3.08304	-12.74
7.21038	-18.3417
6.35114	-18.0465
5.61335	-19.9584
6.04333	-18.4753
5.17515	-16.61
5.70613	-16.2774
5.76232	-16.059
4.75203	-14.0706
5.64231	-14.3324
5.93954	-10.5447
3.19636	-11.3912
0.990329	-15.1063
-1.79273	-17.5539
-1.5849	-15.7349
-1.69816	-14.924
-1.6145	-14.5653
-0.769205	-19.759
4.89604	-22.8401
11.1764	-24.1771
11.0384	-13.6353
6.89094	-7.14434
6.20997	-3.20861
9.44405	-5.91478
15.8394	-15.3579
14.9506	-20.1247
9.68433	-24.1831
2.94688	-22.9313
-0.662221	-18.5094
-1.44058	-18.4347
-1.14589	-19.6725
0.724582	-22.8529
4.25962	-19.9931
4.85665	-15.4353
3.84133	-14.9605
4.16939	-8.8763
9.01341	-6.23345
7.01788	-7.07913
7.52969	-8.60231
6.95439	-15.0403
5.84025	-15.0468
-1.18675	-14.1338
-7.02087	-16.5274
-10.7767	-15.8168
-15.1374	-15.5143
-15.7086	-12.6333
-15.1167	-10.4081
-13.9169	-9.26232
-11.5181	-10.8278
-13.0344	-13.2643
-13.9618	-20.8761
-11.9817	-17.0971
-9.26517	-14.7968
-9.90373	-14.9129
-8.30183	-15.5961
0.199999	-7.72902
2.15043	-11.9646
0.697654	-12.4146
1.96389	-8.11037
5.45775	-5.04235
2.38609	-8.76666
2.88414	-2.83068
3.6376	-3.37411
-2.7416	-1.62191
-3.64639	-4.18248
2.20624	-6.24303
-8.34097	-9.27974
-12.5589	-5.22167
-7.36074	3.8739
-5.08067	4.51503
-11.217	4.14434
-9.09822	2.18909
-7.58712	3.18635
-8.9916	2.40785
-6.68503	-2.40578
-6.10766	-5.12352
-0.488205	-0.171281
2.08864	-10.9
2.00444	-20.1348
1.18992	-18.9587
1.56636	-15.6871
3.71966	-16.4396
3.03137	-15.6734
6.401	-14.794
14.9096	-12.8361
13.642	-12.0965
11.046	-9.70341
9.51783	-8.77563
6.68097	-3.2965
6.94667	-2.26564
8.16459	-2.74917
11.6689	-2.21589
4.84332	-5.68974
6.26872	-19.3149
7.00862	-27.1131
6.59171	-31.0804
11.213	-23.4439
2.23313	-10.3838
1.40441	-17.867
2.09284	-21.5729
2.1355	-22.4844
3.84447	-25.3394
5.10744	-25.8727
5.82683	-25.238
3.88303	-26.3983
3.45575	-27.6701
2.24097	-27.3525
2.11901	-28.632
2.40941	-30.235
4.8621	-31.2003
5.74887	-28.2883
3.9656	-18.8943
-5.12708	-8.34914
-1.84708	-1.79961
-4.08092	-1.81748
-3.35313	-5.93326
1.36496	-5.27661
6.09638	-6.89849
6.0369	-7.91217
5.85447	-12.0059
5.49756	-15.5204
7.41506	-19.471
10.8954	-17.8618
11.453	-15.4946
14.2092	-18.0994
12.2722	-16.0115
6.12697	-16.1969
0.867425	-18.7329
-1.82512	-18.9933
-0.717764	-18.0726
0.334342	-19.4426
4.11056	-20.4905
6.53892	-16.025
13.0785	-17.5889
14.1472	-17.574
14.9843	-18.4785
13.2952	-17.3205
14.0218	-16.8692
13.0303	-12.4933
10.7952	-10.2192
8.2326	-9.30616
4.40565	-13.7928
6.95951	-21.1791
8.29397	-19.8591
0.996924	-15.8661
1.68269	-17.3997
2.42145	-14.7253
2.26218	-10.7518
-0.686842	-2.86216
-3.41569	0.823648
-5.75007	1.47488
-5.56225	-0.190924
-4.61171	-1.87898
-3.56876	-2.94657
-2.99839	4.95224
-3.49193	2.48578
-4.26843	-5.36882
-4.86105	-7.98403
-8.17351	-8.34134
-9.1041	-8.85902
-8.45577	-11.6799
-12.4025	-14.0082
-9.11518	-13.5009
-2.42166	-17.0123
-5.4306	-12.9702
-0.86126	-10.1774
3.50452	-15.7454
5.01511	-13.9731
4.1394	-15.4356
2.60834	-14.9062
0.635951	-13.0698
3.19648	-12.301
1.62331	-18.5134
0.63267	-16.8915
5.33282	-11.5764
0.995997	-12.4876
-1.33891	-12.4251
-1.75987	-13.9699
-1.54529	-7.9289
2.3426	-8.91146
-1.80038	-12.2492
6.06823	-11.5039
3.82319	-14.696
8.14387	-11.4342
6.58554	-15.261
4.7998	-12.9111
4.65632	-10.2226
4.79362	-15.73
6.10097	-14.2787
5.97978	-8.90466
6.43875	-6.87004
4.79047	-6.29597
1.96449	-6.65861
2.46996	-11.1158
2.26401	-14.4852
1.13736	-9.95616
2.43656	-7.284
4.27385	-2.48621
0.846791	-8.44369
-0.298344	-8.71023
-0.113074	-10.3115
0.660006	-9.42306
2.97399	-5.82629
3.75627	-2.23651
0.0670106	-3.30096
0.019908	-3.56881
1.01261	-8.23463
3.38647	-6.3498
4.47863	-3.01191
1.74962	-6.13345
-0.485456	-7.99566
-3.54191	-8.45513
-0.269342	-8.2218
-0.189938	-3.66252
1.7757	-1.70042
0.750293	-0.906718
5.53619	-2.43127
4.16058	-7.2658
2.02094	-7.47853
5.6139	-5.47154
6.5434	-1.00233
3.38294	-4.45021
7.71644	-0.796867
9.22123	-2.12173
10.1573	-12.7656
15.9938	-14.5577
15.7138	-12.2949
16.0182	-14.9726
16.3244	-13.9259
16.7896	-15.5871
14.8828	-15.1237
16.1339	-12.7974
9.19361	-11.6913
3.24655	-9.31675
0.0354329	-8.36979
-2.01246	-6.59821
-2.52194	-7.88762
-0.891786	-9.58329
-1.0042	-5.14
-5.73821	3.40489
-1.46561	2.31811
-7.16857	-2.30673
-3.69308	-0.0365128
-2.82084	0.0245517
-5.87686	-0.25011
-3.69564	0.785183
-3.59936	-1.22358
-4.71617	-7.46915
-5.60067	-12.0052
1.71238	-14.6258
2.57289	-21.6795
2.52863	-23.444
3.3769	-28.294
2.94302	-22.4564
-0.425852	-16.096
-4.78636	-11.3771
0.0896234	-7.99557
1.33167	-8.78143
-4.95283	-6.62246
-10.3234	-9.11609
-3.54622	-13.8587
3.64575	-10.4015
8.6282	-17.5647
1.39762	-27.2523
-0.995353	-34.1564
0.523571	-31.2724
2.39358	-26.8747
1.66275	-25.9218
6.14378	-21.8544
9.27448	-19.0356
15.9068	-17.5265
12.9081	-13.7765
6.45468	-11.0664
7.29624	-11.7482
1.7421	-12.8062
-0.45079	-15.4318
2.35397	-18.0968
4.20957	-21.1557
3.49173	-15.9931
4.9534	-13.0501
5.08627	-11.2707
3.68333	-6.79277
6.92129	-1.46131
2.5602	-3.49809
-2.66939	-11.7323
-3.86487	-13.1995
-2.90293	-8.21937
1.5568	-5.28086
2.85511	-1.93642
-3.38087	-4.54283
-6.24293	-3.88912
-7.60129	-9.81595
-3.73713	-0.639266
-8.75458	-7.77803
-10.3867	-5.7513
-13.0659	-5.77137
-12.6474	0.103447
-12.0852	-2.43919
1.45898	-3.9542
6.03003	-2.38116
3.88516	0.359393
-0.735735	-3.15192
-1.89791	-3.70328
-4.12591	-4.99186
-8.07609	-8.77654
-10.5884	-14.1165
-9.41138	-9.51918
-12.419	-9.42443
-12.9443	-14.6208
-11.9369	-18.416
-10.9992	-20.3832
-11.7066	-21.2075
-10.9327	-17.514
-8.37062	-17.8491
-6.84233	-12.1271
-4.31271	-3.29834
-0.966146	-7.63611
-0.614595	-14.9682
-3.36895	-17.6106
-1.25151	-10.6602
-3.99265	-6.34396
-2.76136	-13.6902
-0.479328	-18.0574
7.86498	-15.0123
8.18569	-16.4606
10.2249	-17.3407
10.8285	-16.5912
12.9077	-19.4315
13.1689	-16.3969
14.091	-10.1681
8.21333	-11.9573
1.74209	-14.8732
-0.231411	-17.6789
0.366879	-21.956
8.55126	-20.7085
12.9907	-11.2682
7.58851	-5.0828
6.30761	-7.18506
8.12934	-2.44313
14.8533	-4.3439
15.7248	-3.31671
13.8222	-0.865554
1.63285	-4.04253
0.30865	-4.51622
-4.09872	-6.36506
-8.68346	-5.31605
-12.38	-1.47508
-9.90827	0.796756
-8.82409	0.487305
-4.40311	-2.41195
-2.32015	1.85997
-1.30932	3.73407
-1.02168	-4.80236
-3.57476	-10.9399
-0.372474	-10.2349
4.35937	-18.7049
5.42988	-17.6189
-1.4625	-14.0696
0.251436	-11.9981
1.32831	-6.53512
1.31738	-6.44961
1.31208	-5.4209
1.92474	-4.66744
-1.78577	-7.88877
-2.85793	-6.19676
-3.38991	-10.0334
-3.28496	-8.74676
0.703375	-8.03424
1.66597	-11.0965
-0.938298	-10.9495
1.23436	-13.4495
-0.408065	-13.9365
0.305502	-18.4837
2.30116	-16.6952
2.29507	-19.248
2.50465	-20.9323
1.34713	-19.9455
3.0498	-21.4156
4.62658	-22.1231
3.34157	-17.4163
6.03783	-14.9765
5.64111	-12.2416
3.53405	-8.13308
1.22378	0.610297
-2.74497	-1.51487
0.692178	-1.837
1.38088	2.37286
1.02455	1.60957
-0.331334	1.80591
-2.24425	-0.0113061
-0.715829	-2.78905
-0.422352	-1.76419
-0.522977	-7.06944
-4.42628	-7.50496
-1.601	-6.89396
-0.0661518	-6.71835
2.68436	-6.24138
2.05145	-7.453
5.25792	-6.55427
2.96776	-11.4542
2.98494	-9.17564
2.84581	-7.74965
5.82434	-6.14649
4.73325	-4.38539
3.63743	-3.91668
1.25274	-2.3678
2.3379	-5.50686
4.5495	-0.163463
4.89051	-2.16774
2.20196	-6.80882
7.44594	-4.04458
5.28024	-6.194
3.69084	-3.29183
3.75371	-3.70729
2.75537	-2.75421
1.14122	-2.99001
2.42232	-3.02533
1.47999	-8.0109
0.437586	-3.69324
-0.450974	-2.88348
2.08493	1.48885
0.446402	0.209365
3.61632	-2.33628
2.41617	-2.637
0.17271	-4.01552
0.0862615	-4.42906
-0.222288	-5.53154
2.35014	-5.50416
1.52087	-3.61582
-1.34952	-5.87681
-2.93101	-13.5618
-0.353414	-13.7071
1.72836	-7.17815
-2.54181	-2.67911
-2.30339	-5.46315
1.28688	-5.24791
-1.26903	-6.24905
-3.33639	-6.35438
-2.35355	-10.3753
-0.574785	-18.3216
3.30514	-19.6892
8.9612	-9.68025
2.52312	-11.0854
0.550299	-14.2676
-0.416116	-13.0174
-0.593704	-11.4518
-1.56761	-11.668
-3.98779	-15.9947
-10.0779	-11.2977
-11.4905	-9.738
-10.4476	-11.5984
-6.75482	-8.20148
-10.8324	-7.80923
-5.66252	-11.5617
-3.3866	-13.4776
-1.54121	-12.9434
-0.569094	-13.024
0.530148	-11.4864
1.68253	-13.8599
1.8119	-18.1058
4.14307	-18.7664
3.8413	-21.9545
1.45182	-12.7766
-2.25139	-18.742
-1.83886	-18.1009
1.48488	-16.4659
1.57439	-18.2618
4.02175	-16.2766
3.30672	-14.9859
3.26227	-13.7944
3.11197	-13.3573
6.50394	-16.3807
1.9381	-16.6987
2.72677	-7.70171
3.58102	-12.2411
5.0247	-12.3572
1.80616	-13.4338
1.78369	-7.96311
3.06081	-8.42269
6.61581	-9.07601
4.88683	-14.5011
5.82883	-14.6038
8.05648	-12.8906
12.7881	-14.5
15.0489	-16.2664
15.0966	-15.4891
12.6569	-14.0596
9.89867	-13.8498
8.16101	-17.1806
6.4821	-14.3143
7.1213	-10.5156
8.30873	-5.71354
13.253	-6.3028
1.10106	-4.9719
3.52443	-6.28802
3.88286	-8.67449
4.92663	-8.38407
2.64876	-17.8594
3.03553	-21.5622
1.35218	-15.0358
0.764093	-13.5852
0.525653	-10.7513
1.80556	-12.0614
0.968453	-14.3462
2.03268	-11.3156
1.12622	-15.3861
-0.810868	-11.057
0.610158	-9.67319
-0.764885	-11.7992
-1.0288	-12.6939
0.59716	-10.0906
7.52402	-3.85222
9.40945	-5.08499
10.7625	-0.687125
10.8169	-5.16829
10.4999	-4.05956
6.16893	-5.05315
10.2731	-6.26473
12.5473	-6.8453
10.2942	-6.91847
10.421	-4.02668
9.48361	-3.64121
5.97686	-1.81711
0.531541	-17.6183
5.26608	-22.4178
4.36578	-23.956
3.84159	-24.4823
5.55257	-25.3865
4.98263	-22.8158
9.53168	-22.2328
11.4702	-16.2474
14.6918	-11.1517
15.3251	-13.122
19.0667	-19.9002
20.3261	-24.2937
18.1615	-24.1974
16.3143	-23.7308
17.8444	-24.4146
17.5295	-23.1877
19.7361	-24.4557
18.0962	-23.903
19.8809	-21.5837
14.6144	-19.9957
6.08758	-10.2419
7.72088	-15.8024
5.67108	-15.0522
1.71876	-9.05124
-3.4163	-4.99113
-5.35119	-3.68626
-1.78333	-2.90807
0.826598	-2.65133
7.79283	-8.5623
9.47465	-15.4467
8.57049	-21.3841
6.42801	-21.6388
1.76426	-21.4767
1.63178	-17.6831
2.78628	-19.5503
3.42071	-16.9266
8.20428	-10.1095
11.4315	-4.69035
8.6891	2.14394
5.52163	-1.53846
3.57163	-6.37823
0.620216	-7.04962
4.881	-6.96711
1.69822	-4.83562
-7.86147	-14.4374
-4.61321	-15.4544
-2.86151	-6.96885
-5.63296	-4.65699
-5.33679	-7.98385
-5.75008	-5.85497
-5.8632	-3.20934
-5.59602	-3.87725
-1.76551	-3.79598
0.381808	-1.99285
1.04146	-0.650125
0.155487	3.62288
3.29216	4.3259
1.5205	2.91019
1.19972	0.251527
-4.38936	-3.43554
-3.29379	-2.5485
-5.6206	-3.03665
-2.03352	-3.52401
-3.90188	1.27765
-10.6471	2.55795
-8.52536	4.85027
-10.4668	1.43297
-7.67773	5.77932
-8.67177	4.78511
-8.03067	1.90525
-8.50844	0.154275
-8.8968	-5.6377
-6.23762	-4.37357
-5.91	-5.82983
-8.54512	-5.78145
-5.14759	-7.47761
-7.6356	-10.4328
-4.34012	-10.8686
-2.07779	-14.8202
1.03836	-7.91455
-1.96923	-9.75198
-1.03833	-9.7434
2.55305	-4.28828
-1.548	-7.20001
0.0816904	-9.47428
-0.38579	-6.47406
-2.60079	-4.8915
-1.7456	-8.3731
-0.924622	-8.8232
-0.283512	-12.9448
-0.88126	-9.07242
1.16716	-0.523397
2.68315	-5.25466
4.07364	-4.22342
-1.4385	-4.34747
-5.42549	-3.06894
-5.59682	-8.85764
-5.70332	-8.49929
-3.41851	-8.56948
2.4229	-3.16795
-1.48374	-8.84478
-10.1406	-18.0688
-8.40172	-12.4876
-1.03209	-2.71324
-0.957889	-6.84072
-1.70965	-6.13314
-1.6537	-4.89739
-0.387672	-2.67143
-4.63377	-9.55852
-4.25031	-11.7863
-7.21191	-20.5768
-8.56069	-24.4313
-6.21552	-21.874
-8.42643	-22.827
-9.2371	-18.058
-8.36607	-18.3628
-6.11406	-20.4754
-4.78608	-18.1869
1.9901	-11.8821
9.55159	-8.77259
12.4634	-8.35532
6.29979	-3.35194
1.93967	1.02695
-2.43521	-5.57547
-4.85464	-4.26809
-5.11822	-3.71005
-3.72544	-1.16943
-0.154053	0.408631
-1.93209	-4.12078
-5.34743	-12.6607
-1.84183	-6.54886
2.23951	-16.5233
3.90117	-19.8424
3.42882	-22.1438
4.32139	-20.9822
3.00536	-13.6164
1.54782	-6.67412
-0.0499434	-5.0829
-0.948062	-3.35582
-3.67553	-7.9829
-2.64299	-7.16107
-1.43082	-3.97731
2.10039	-1.11249
1.17583	-3.73223
-0.612178	-2.83543
3.05989	-1.73879
1.82583	-10.205
-1.57997	-14.4301
-0.845676	-8.01951
0.645391	-12.5505
-1.94628	-21.9589
-2.69714	-21.8995
-0.85795	-19.5934
-0.798822	-13.3074
-0.254648	-12.9582
11.1745	-17.8938
14.189	-15.9867
11.5888	-14.4094
11.1475	-13.5886
9.11414	-14.1596
-5.28686	-11.2544
-8.73686	-9.4633
-5.26425	-5.66051
-5.95697	-8.31993
-6.95094	-9.51627
-4.73683	-4.47132
-5.2947	-7.72854
-3.36894	-6.23426
-2.55807	-4.45639
-4.82515	-5.68778
-5.13376	-5.73404
-3.79558	-3.29524
-3.46352	-3.15625
-5.74479	-1.00275
-7.01314	-0.621164
-9.54881	-1.13249
-8.80564	-1.55305
-4.61174	0.385347
-4.34281	-0.322062
-4.20442	0.907355
-6.29067	-0.674613
-9.59719	-3.19609
-13.8836	-9.93326
-15.3835	-10.6025
-13.8547	-10.5387
-14.102	-13.8195
-14.04	-14.2189
-12.0514	-18.2414
-4.18721	-21.7607
4.69059	-18.9231
6.96912	-14.9938
6.8027	-6.79687
5.19543	-6.45445
7.01827	-7.71829
9.22829	-11.4243
2.61587	-12.6771
-1.04343	-8.21153
2.53143	-7.70891
3.95104	-10.8594
6.98923	-17.4393
5.30436	-23.4692
6.69492	-24.1853
10.3349	-25.1275
2.07395	-20.6184
4.85831	-10.0634
2.70006	-8.56776
-0.434445	-7.99239
-3.24516	-6.07204
-7.59835	-4.6912
-3.60149	-2.35504
-2.27413	-0.989166
-3.26612	-3.06562
2.02201	-0.451887
0.494232	0.33338
2.67954	0.563815
3.79805	-7.78675
0.261099	-9.94824
-2.3036	-6.33817
-1.77606	-2.73583
-1.54737	-3.49809
5.84475	-10.2035
9.29763	-8.33175
-1.16538	-3.25359
1.55773	-6.08447
1.18489	-2.50211
-0.494336	-1.52791
-1.03548	-4.31615
0.276132	-4.79981
0.396811	-6.56728
1.62906	-4.72191
0.956445	-3.09417
2.36162	-0.647106
1.29569	2.46272
-0.631495	2.22038
-1.71063	1.1556
-2.60795	1.1466
-3.32477	-0.941235
-1.71934	-2.50965
-5.09635	0.251036
-2.96178	-1.13313
-4.07602	-1.95875
-1.04612	-4.47271
-0.322828	-5.67141
9.89114	-4.77246
14.9522	-6.01205
14.8157	-5.41389
12.655	-6.35289
12.9452	-9.14264
11.9617	-6.71124
9.16346	-7.14081
13.7284	-8.8051
13.3412	-4.88329
11.2369	-5.8837
12.3804	-3.44361
12.1421	-2.5992
13.5781	-1.05552
15.4862	-7.06779
13.9607	-8.72315
16.8828	-7.89337
15.0518	-8.58686
12.4307	-10.406
10.783	-13.25
10.0165	-12.2359
9.47087	-11.3441
9.23074	-8.59736
9.32449	-14.9436
4.38163	-14.293
3.79087	-9.92303
4.23573	-9.80971
3.39928	-7.8587
7.42752	-6.00794
7.31055	-12.4015
1.73117	-1.34551
4.25145	-1.45149
4.05769	-4.44117
3.31454	-7.22499
2.6548	-6.97146
5.24864	-3.88388
2.34485	-3.57693
2.20982	-5.45673
1.27253	-0.307081
-1.76995	-1.83073
-7.66757	-7.80649
-7.65067	-12.3064
-2.08713	-8.78983
-1.46946	1.13746
-10.6187	-4.12322
-12.1452	-9.15215
-8.98977	-5.06213
-7.01377	-5.86711
-5.72234	-7.18458
-1.47827	-0.307409
6.15495	-2.06552
4.90646	-8.63814
4.93248	-5.50156
7.39762	-4.26787
9.58482	-8.77641
6.49415	-5.93868
-1.81677	-6.87639
-0.657846	-16.1302
0.518665	-21.7018
-2.78318	-23.1567
-5.81712	-20.2234
-7.78857	-23.9183
-4.4053	-22.6119
-3.21659	-19.1771
-2.03605	-17.4021
-3.02588	-18.4366
-4.15121	-12.7099
-4.34581	-7.66707
-2.222	-11.1916
-0.975694	-9.72958
4.86507	-7.15791
6.96745	-12.2825
7.86303	-11.456
9.79135	-12.8034
5.40058	-20.1562
13.3453	-13.1146
9.99752	-17.922
8.34788	-18.3776
2.17217	-18.7665
-1.2406	-13.3093
-3.1349	-10.5689
-6.36367	-10.8674
-9.86377	-9.41986
-12.5899	-6.68813
-12.0545	-6.31619
-12.4132	-4.17609
-12.6842	-5.24133
-11.3512	-7.79588
-7.69664	-10.3872
-6.49788	-13.693
-14.9033	-16.6846
-15.7299	-10.2319
-15.5797	-8.79421
-15.2117	-7.55632
-13.1702	-4.33917
-12.2044	-6.55314
-12.5806	-8.56806
-14.1833	-9.44828
-11.3239	-7.70953
-9.11596	-0.892985
-4.52014	-1.58824
-3.12152	-8.89945
-6.13937	-15.6134
-9.71022	-15.6244
-8.59085	-16.075
-4.71433	-12.567
1.9484	-6.60417
2.50173	-6.82785
-0.666873	-3.47527
-4.04147	-4.67433
-1.09185	-4.31943
3.35899	-1.86689
-3.13592	-10.6856
-3.45993	-12.0435
-1.77958	-9.07505
-0.671764	-4.44132
0.1152	-7.15401
-0.144541	-13.7624
5.50305	-15.2361
11.2536	-16.1329
6.07843	-25.5316
-0.817814	-20.9575
-0.683852	-17.8416
1.77663	-13.9138
9.93246	-12.8579
15.2706	-15.8968
11.7819	-11.8339
12.5816	-11.2163
16.5258	-14.4106
15.2581	-14.8302
9.48486	-7.87387
7.58471	-3.83303
3.38471	-8.24302
-0.845848	-6.51707
0.922971	-5.38519
0.0763157	-6.8792
-2.97011	-12.4193
0.879617	-17.185
6.44067	-21.2492
9.12312	-24.3046
11.1232	-25.5449
9.71223	-24.9025
8.137	-11.7221
8.40753	-1.77224
9.83381	-1.47727
8.50547	1.3112
4.5628	-1.92243
-0.632441	-2.09624
-6.14476	-15.7647
-5.95248	-12.2006
0.290667	-5.19091
-4.31381	-10.5844
-4.25276	-13.7066
-7.75034	-12.876
-8.43602	-10.8658
-10.5567	-15.3941
-12.161	-13.2789
-5.45033	1.59485
2.34037	-13.433
7.99138	-6.56815
3.39518	-9.21602
-2.40128	-9.65084
-1.41552	-13.6372
-1.92181	-12.0257
-2.37548	-9.16382
-3.09017	-6.03391
0.986682	-6.10574
0.965763	-6.33531
4.20694	-4.84797
1.4471	-7.93221
0.718258	-6.92649
-0.721488	-9.06025
0.809392	-1.88385
-3.56503	-5.58371
-1.32704	-3.38932
-10.4685	-5.943
-11.5235	-12.2487
-12.0013	-10.5119
-6.22027	-8.20255
-0.936038	-9.43777
0.243035	-13.1136
1.588	-14.5003
1.52911	-16.0507
2.60622	-14
5.34141	-13.4368
6.22692	-9.45199
9.61918	-7.68192
19.1445	-11.747
18.6618	-12.6418
19.4437	-13.767
17.2843	-13.6282
18.4888	-14.8069
17.3649	-15.1324
18.4752	-15.6268
17.3807	-16.8116
14.9646	-12.6425
5.21532	-3.92497
5.4724	0.133792
6.59392	-3.406
5.61007	-8.97703
6.47958	-19.3634
9.60957	-25.7759
7.32605	-27.4714
4.83506	-26.8873
4.2656	-25.7947
1.38539	-26.6938
1.3486	-26.6137
2.35113	-26.8816
6.8323	-22.5177
5.09777	-11.5264
3.14255	-13.1592
-0.34992	-11.9474
-4.40594	-9.34888
-8.48164	-8.4901
-11.0129	-7.36579
-12.8907	-11.4839
-12.9426	-13.308
-15.6661	-12.9954
-12.6742	-10.2841
-15.081	-9.65711
-12.75	-9.12604
-10.5893	-7.54308
-9.24969	-11.617
-6.18193	-12.0965
-4.88844	-13.0462
2.88912	-14.0255
14.953	-8.82545
15.1239	-6.54141
20.0174	-9.99712
15.0067	-12.5272
7.55886	-6.95572
3.08321	5.41754
-0.0579811	4.10858
-7.5497	-1.90477
-6.3842	-0.505264
-4.6716	0.621552
-5.34377	-10.4475
-0.812692	-2.08018
-3.9975	1.51913
-1.61372	3.02052
-0.603379	-2.51486
-0.840276	-6.72443
-1.89776	-6.41514
-5.89824	-7.22688
-12.0601	-9.28415
-15.5652	-17.1059
-13.6087	-18.9715
-13.0505	-16.7484
-10.6375	-15.8225
-11.5436	-16.0633
-10.412	-13.2753
-7.55863	-6.37717
-4.44425	3.58451
7.78286	5.48035
8.55824	-2.89519
0.203059	-8.70772
0.101514	-14.0769
0.320221	-9.93304
-1.74742	-8.14624
-2.5659	-12.8862
-0.893853	-12.4827
3.40511	-4.66667
6.05936	-2.69542
4.18476	-0.105249
0.160918	-4.41494
-4.74227	-8.44183
-5.22622	-6.62576
-5.2271	-8.9492
-6.50918	-7.79662
-4.7694	-8.61415
-2.20039	-9.32263
-0.511621	-8.15661
-1.30221	-6.08423
-2.95432	-7.99904
-4.75633	-8.30435
-4.87104	-8.63253
-3.30038	-6.30887
6.23244	-3.48109
6.20422	-3.18577
3.24368	-2.46194
0.011187	-4.62644
-1.78168	-6.09264
-1.77106	-3.19037
-0.427576	-5.88471
0.855121	-6.05719
3.21462	-7.86264
-3.27183	-8.89333
-4.93598	-12.4754
-2.77816	-12.8865
-4.32921	-11.8259
-3.34398	-9.11779
-5.13425	-10.2784
0.246154	-2.01865
2.00118	-1.27185
-0.760611	-1.98625
3.33026	-0.882827
10.366	4.60529
5.38245	-6.88731
6.57229	-8.1447
11.4499	1.61467
11.0005	-4.57284
14.2136	-5.85969
14.224	-11.754
12.6138	-13.2592
11.2354	-8.58359
10.6312	-8.22337
9.52825	-12.7464
6.22492	-14.0337
-0.197385	-10.7818
1.09332	-11.2439
1.02423	-13.7139
-1.30744	-15.1296
-3.09435	-14.3595
-5.86274	-13.6148
-6.29544	-17.4025
1.07569	-14.8967
-0.892986	-13.9456
-1.5489	-13.144
0.00144628	-12.5404
-0.228403	-9.25858
-2.07679	-11.7962
0.510287	-10.0666
-2.89865	-12.2072
-3.19757	-11.6327
1.09511	-9.53289
1.37557	-5.46857
-0.489903	-4.62988
0.466301	-7.55979
-0.215403	-5.00652
-1.27075	-6.82121
0.434079	1.99743
1.52822	0.739003
0.734898	-0.432033
-0.679134	-0.643162
-3.74146	-0.280461
-4.72329	-0.986007
-1.81417	0.698878
-0.802087	-4.46127
3.22693	-8.80728
-4.23739	-9.03817
-4.01305	-6.98214
-4.93759	-1.15745
-2.22011	3.12145
7.14289	-6.45265
8.49709	-6.17375
6.37677	-5.97018
5.53263	-4.47864
2.14648	-11.496
5.50489	-14.2108
4.03145	-12.0943
7.93483	-12.5643
8.98891	-14.3456
13.3324	-14.4319
13.4529	-12.1538
6.10639	-6.4295
11.5468	-6.84359
14.1715	-9.84921
14.3105	-12.2912
13.8657	-11.7476
10.0378	-15.3008
3.65556	-18.9621
-2.50629	-15.3828
-1.74645	-11.3253
-1.33413	-10.2503
0.509289	-11.2452
6.49032	-11.6201
5.88801	-17.4557
8.19026	-19.8901
8.76613	-21.0193
5.22454	-24.0195
-0.341132	-28.9425
-2.01703	-28.9191
-3.81827	-25.7516
-10.6703	-18.8453
-15.3126	-15.0152
-15.3745	-10.6447
-13.6007	-12.568
-0.15487	-14.4724
6.18707	-14.4595
6.43737	-15.4494
5.80546	-15.8361
4.87179	-18.2461
3.70731	-22.2193
1.91045	-29.6403
-3.67374	-33.5138
-2.09646	-34.5598
3.66872	-28.083
5.10729	-8.06818
-1.64271	-16.2648
-4.00102	-24.4861
-5.20506	-25.7559
-9.06902	-25.9845
-9.40485	-24.0141
-7.92359	-19.2625
-5.66729	-14.7238
-5.35724	-14.9014
-7.64511	-14.8585
-6.53633	-13.7868
-6.31743	-11.5724
-8.18364	-8.61753
-9.35251	-10.2032
-12.2294	-8.90403
-13.5172	-10.2669
-16.1964	-9.7182
-16.5984	-11.1161
-17.2418	-10.4962
-19.0764	-10.7215
-15.0886	-9.44242
-17.98	-12.8618
-18.3394	-13.5593
-17.0122	-13.8366
-17.336	-16.0374
-17.4593	-16.8612
-18.2083	-19.3838
-16.0047	-14.7185
-17.3003	-9.09069
-15.0145	-6.44747
-8.89933	-6.28607
-5.98145	-7.36813
-6.38192	-7.46287
-8.0232	-7.48362
-4.61836	-12.2462
-2.37134	-16.5565
6.73387	-14
10.0996	-17.4321
11.8182	-17.0832
11.4927	-18.35
12.98	-17.5835
11.3422	-18.5488
9.7661	-21.1107
7.66213	-16.4774
6.4723	-7.18075
8.03967	-6.54703
0.043055	-9.75638
-9.80065	-11.4147
-6.16414	-12.4997
-0.378274	-11.2283
3.36539	-12.7705
3.06003	-15.1932
5.33965	-19.9563
8.94096	-17.9883
10.1019	-11.6
6.63813	-15.741
3.82525	-11.4374
5.56484	-11.0155
4.59981	-16.8958
3.54941	-17.49
4.05055	-20.5316
4.60886	-34.0277
2.23285	-35.1146
0.0370756	-34.7567
0.674002	-31.06
3.10966	-25.8153
7.00359	-19.6363
11.0635	-13.908
5.10711	-10.7917
2.71689	-12.2312
-0.551342	-12.7349
-3.55943	-10.6378
-6.10735	-13.5831
-0.596513	-13.1332
-1.04598	-13.4148
-1.50726	-11.6826
-5.74112	-11.7402
-2.93335	-8.17306
-4.83107	-9.43878
0.440041	-4.12288
0.520418	-7.8394
-1.09645	-9.61157
-3.89609	-23.5601
-3.90206	-30.1966
-3.43328	-28.3261
0.66266	-19.946
7.74756	-14.1682
8.33142	-17.4724
6.21391	-13.5305
2.48306	-14.188
-0.0107927	-12.4203
-1.24535	-13.8144
-0.412477	-14.9836
3.21082	-14.0286
6.28305	-14.1635
4.88982	-7.35316
4.90517	0.194531
3.83407	0.95944
-1.55308	-0.221724
0.781363	-5.77837
-2.32018	-5.23452
-4.2568	-7.33155
-3.57805	-1.89367
-6.65526	-9.19303
-4.97786	-1.66741
-3.07519	-1.71306
-1.68821	-3.97652
0.327784	-9.09802
7.71722	-9.86079
9.45723	-11.6365
6.98934	-10.8654
3.93732	-6.87088
2.922	-3.18873
0.44176	-6.69595
-1.13939	-6.24564
-0.776727	-7.47101
1.21597	-6.14099
3.36688	-7.07863
5.45478	-7.57936
4.37505	-6.67353
3.70411	-3.49327
1.19452	-5.48122
-1.13759	-5.02345
-1.76466	-8.92221
0.780905	-6.77589
4.71752	-4.93678
11.6518	-13.9333
10.4705	-3.61838
5.52251	-0.591404
-0.275552	-5.51598
-1.58712	-7.11939
-1.45827	-2.95165
1.41336	-1.85485
0.340144	-3.46702
-2.16518	-3.28515
-1.5962	-3.35651
-0.151008	-2.15715
-3.98253	-6.30052
-6.28798	-10.1998
-6.8519	-11.4066
-4.82735	-6.71572
-0.781479	-5.62312
2.32466	-4.68932
4.81288	-0.675526
1.34655	3.16232
0.0877571	0.126959
-0.397754	-4.02645
-2.15259	-4.7551
1.03939	-2.07527
2.12282	-8.04781
1.47764	-3.1839
2.60621	-4.26067
2.57077	-4.70668
-6.04391	-10.5067
-6.51264	-7.7691
-1.39599	-3.19767
0.586971	0.334053
6.0021	-1.16252
4.44759	-6.03687
5.40986	-5.58369
4.581	-9.01892
3.66163	-4.4128
3.576	-5.59717
8.67454	-0.00666318
8.18906	-7.78798
7.39418	-12.7205
2.97362	-9.13544
-2.04711	-7.32644
-5.90461	-5.44834
-3.7455	-4.97528
-0.473255	-6.34024
3.03053	-7.44569
4.74943	-8.67809
5.54586	-8.715
4.15933	-14.7798
2.73703	-15.8643
3.57751	-19.8001
4.68949	-19.6883
3.58656	-18.14
-2.90017	-18.0741
-11.4385	-10.8277
-12.5404	-10.672
-11.0258	-15.4265
-11.395	-14.7783
-14.7495	-12.7396
-17.1057	-14.2604
-20.6412	-12.7162
-21.1318	-11.6991
-22.1583	-9.64707
-13.1052	-14.6767
-9.92531	-19.4864
-6.79091	-19.4013
-0.784101	-18.6412
-1.53467	-19.0076
3.47673	-17.88
3.33446	-17.5475
7.476	-18.9831
7.0183	-18.9564
6.0392	-19.4952
5.42287	-18.727
9.423	-21.5965
9.47543	-20.2845
2.76694	-18.4947
-3.26459	-10.2505
-2.19611	-13.5424
-0.600733	-18.3792
-2.59958	-20.3809
-2.0592	-19.6883
-1.26212	-20.1102
3.03635	-17.9825
10.495	-22.4776
12.2883	-24.6635
11.2785	-23.977
12.5633	-23.442
14.7042	-21.5403
12.1514	-15.3043
9.48942	-9.68655
11.0917	-3.54473
10.5922	-3.70426
11.3234	-1.2285
3.47684	-3.63059
-3.9652	-15.0266
-6.27583	-17.4478
-8.07396	-20.2059
-8.57523	-19.16
-9.77272	-15.2512
-7.87974	-13.6232
-3.54753	-11.3546
0.768146	-16.7572
5.03654	-13.8514
-1.78877	-8.69721
-3.61588	-9.37112
-0.929842	-6.16805
-0.321544	-7.08124
-1.63515	-5.92059
0.982432	-8.43338
1.47011	-12.7153
5.45601	-17.5337
14.0084	-18.586
14.0644	-19.6401
11.8327	-19.3417
8.97485	-18.154
3.70673	-23.4563
-0.0590744	-27.611
-1.53083	-24.4071
-5.03632	-27.675
-5.07382	-28.0483
-3.20237	-24.2618
1.74785	-23.5539
5.6191	-19.4181
7.08822	-9.65715
12.7394	-6.99255
10.2448	-15.002
10.2092	-14.3777
3.90608	-20.6528
-1.6969	-25.2501
-3.22394	-19.9181
-4.59498	-17.6215
-5.14483	-18.2663
-6.08741	-18.1652
-3.14659	-18.4134
2.55312	-20.0367
3.54996	-18.7432
8.2161	-19.9387
8.37938	-16.5175
8.34671	-6.59116
9.89804	-5.19015
7.49369	-0.966827
8.03144	-2.66973
7.00369	-5.13481
8.85458	-1.77122
7.18652	-1.82326
7.78314	-0.379916
12.8782	-4.19729
14.0289	-6.42635
5.54875	-12.9931
-1.59373	-15.7811
-1.86775	-20.8809
-3.12795	-18.21
-8.09585	-14.822
-11.6496	-12.817
-13.7637	-11.2113
-14.7449	-11.0273
-14.8445	-9.61679
-10.9778	-6.04635
-10.6592	-4.88182
-9.37829	-3.71699
-8.55613	-7.58832
-9.51396	-10.9469
-9.719	-13.1556
-9.58559	-9.7324
-10.5998	-10.1555
-5.25287	-15.9062
-1.4943	-18.3647
8.01977	-14.9608
4.99698	-10.0334
2.99163	-9.02998
1.42726	-9.25218
3.75686	-6.41748
3.041	-6.22397
1.40936	-11.3574
3.89778	-16.5895
6.15619	-19.4344
7.21476	-18.8493
7.29078	-20.2664
9.85893	-19.9553
12.923	-23.8628
12.5773	-26.7502
11.8988	-23.1565
12.4497	-25.5875
10.4415	-24.7903
9.08957	-24.2001
8.45207	-23.9973
9.40804	-24.7321
8.72936	-22.8767
3.37403	-25.7144
-0.848236	-22.5012
-2.92695	-19.466
-0.831791	-21.6199
0.426213	-21.4517
3.09295	-21.652
6.23272	-20.6033
4.769	-14.4135
5.6334	-9.15135
7.87181	-5.2321
7.5129	-5.02101
6.49976	-1.10534
3.36224	-2.82618
0.310191	-5.60885
-2.03869	-5.96681
1.15842	-7.10838
-1.92323	-8.57902
-2.16385	-6.71939
-2.15225	3.94948
2.72097	4.65447
2.91825	-3.4478
5.2301	0.0857369
1.82041	-4.67574
3.60298	-1.09825
2.39459	-4.92057
-0.484622	-5.8833
-0.316017	-4.44687
0.599663	-4.82964
3.51872	-2.01735
-3.76187	-11.8627
-9.96024	-19.1441
-8.6116	-19.8002
-5.57723	-18.4126
-6.02911	-16.7676
0.686237	-12.7708
9.21838	-4.50106
12.6793	-7.59607
11.2688	-1.8024
5.49627	3.44158
5.60522	-4.97224
5.78642	-9.24966
0.836649	-3.43626
0.740922	-0.788093
2.86979	-3.38703
4.20041	-8.41934
0.943092	-12.1602
0.673936	-17.3237
4.64458	-19.6882
13.1806	-19.9759
13.8301	-9.00023
10.6534	-0.939435
8.72371	-0.15047
3.0007	-4.71095
2.18458	-5.98013
-1.60499	-10.5816
-3.29079	-11.1217
4.34495	-7.57555
2.24883	-15.5652
4.66266	-16.6566
1.67824	-16.7987
2.01128	-16.0835
3.15771	-9.26897
2.58878	-2.50846
4.32365	-1.76978
2.02594	-1.01458
-6.00012	-3.86034
-8.8306	-5.60376
-6.36804	-8.18815
0.134423	-4.47793
4.21037	-5.09294
8.60775	-7.3874
10.364	-7.96313
9.39699	-7.19498
9.49979	-7.7644
8.31551	-9.47983
9.83832	-10.0694
10.1708	-9.9145
11.9062	-9.34518
6.64837	-10.3157
3.13743	-7.60452
2.41775	-13.2528
5.77204	-13.1645
7.34558	-13.2294
5.39669	-12.9192
2.10723	-11.7986
-0.727551	-9.56332
-2.92715	-5.57596
-1.1305	-4.74437
11.5923	-9.13758
13.5288	-8.71754
12.6196	-13.1121
16.6397	-9.83551
16.4292	-8.00895
15.5064	-7.05001
9.52841	-4.19386
-0.677428	-0.659818
-1.76638	-6.79786
-0.114348	-12.1227
0.644411	-13.4856
-0.312076	-12.8869
3.49396	-14.6381
2.10306	-6.94132
-0.151714	-5.77432
-3.18515	-11.6836
-5.78145	-12.9223
-5.53094	-9.55775
-7.86126	-6.83464
-6.50786	-6.58668
-5.26611	-4.9476
1.7904	-5.83872
8.11859	-6.34555
4.51489	-8.58493
3.62907	-17.3696
2.78381	-14.168
8.65712	-17.295
7.51173	-14.365
4.90532	-8.6051
6.12213	-10.7359
9.31102	-11.5856
7.3369	-5.42215
2.10576	-8.6045
-1.56713	-5.32745
0.515117	-6.29605
-1.44081	-3.63948
-1.87059	-4.62488
-4.59743	-6.01235
-4.98262	0.886878
-5.85475	3.28913
-8.71159	-2.6625
-8.79291	-3.3444
-6.45319	-4.7457
-5.39597	-0.68967
-5.94438	-0.862168
-3.19308	0.530726
-1.47723	-1.82939
-1.8125	1.43359
-4.40674	0.670841
-6.47068	-2.43521
-2.57702	-8.85287
2.25645	-9.63532
2.40384	-7.45899
2.67174	-10.1495
0.0972527	-6.07149
2.30982	-6.67536
-0.99956	-10.418
1.47271	-14.5016
1.57452	-8.98829
0.174373	-5.74336
1.98404	-8.26093
7.44075	-8.88966
3.98729	-7.10425
4.4863	-1.84942
3.04351	-3.14941
3.34332	-6.98867
4.54225	-8.26122
0.964945	-4.61299
-1.93853	-4.66386
1.28055	-10.2158
0.766473	-0.654493
0.231148	-1.91042
-2.54011	-7.53455
-3.14517	-3.54907
-0.798201	-5.4136
4.54013	-6.5128
2.11924	-4.26907
-0.779602	-7.28763
1.61429	-5.04707
1.41508	-1.26261
-0.664363	-4.60203
1.23603	-4.66679
-3.99811	-2.18333
-3.06399	-1.75876
0.211282	-0.844294
-0.564018	-4.01169
0.476551	0.210229
-2.81844	-0.19748
-0.0816386	-1.09935
3.69807	2.78192
-2.30929	0.58082
2.92101	0.443692
-5.16073	-11.9236
-11.6435	-14.6937
-14.6058	-9.78604
-16.5495	-8.46377
-11.9355	-8.89996
-8.79593	-7.01715
3.72084	-4.71702
8.007	-3.55002
7.44987	-5.93794
9.97601	-8.51977
9.85311	-11.8051
4.55847	-13.4859
-9.9752	-10.841
-13.6109	-1.10048
-8.15762	1.31313
-5.78589	1.22721
-4.60979	0.360647
-4.62146	1.62887
-2.34537	0.715558
-4.02795	1.21709
-2.86012	0.0847123
-4.38848	-0.98625
-5.63068	-2.54312
-4.38061	-0.0957374
-5.29134	0.73801
-6.24408	-5.04337
-6.74155	-3.71808
-5.12096	-0.0364147
-8.76029	-2.25866
-6.19915	-4.14308
-1.0942	-0.186483
-7.00019	-4.33049
-4.16695	-3.12449
-7.4956	-8.60418
-6.20686	-6.57919
-0.326313	-3.73749
-0.355563	-6.80097
7.31704	-2.23477
6.8898	-6.4215
11.1151	-7.11964
11.8647	-8.26362
11.1203	-13.2413
15.1009	-18.0212
15.2209	-19.8284
12.3463	-22.7845
11.2781	-26.3962
8.10422	-24.5497
9.92698	-24.0114
13.8032	-24.1251
15.3914	-22.322
17.8553	-21.2416
14.9745	-21.438
11.2943	-24.7039
4.63893	-26.025
-0.101779	-22.6061
-2.89559	-13.2266
-3.37428	-12.8015
-6.93775	-11.0073
-9.49886	-7.32885
-6.88779	-0.921422
2.12789	2.39994
2.31843	-0.00462388
3.03802	-3.14129
-4.34231	1.49048
-8.55297	3.96075
4.24134	-1.90086
5.16369	-1.91337
1.40299	-7.19348
-3.39263	-9.92399
-4.4492	-14.8311
-3.11364	-15.8949
-3.78488	-11.6378
-0.0821611	-9.12197
-1.04715	-8.37031
-2.53373	-8.281
-7.097	1.66603
-7.13681	9.24191
-7.94706	6.07901
-0.25095	6.76607
3.14225	1.04666
-4.72309	0.00383819
-3.12648	-4.14412
-3.13779	-8.47718
-1.46784	-10.6653
-3.94047	-11.8962
-3.38281	-7.41087
-0.100474	-2.72108
4.14269	2.01887
3.77214	0.706214
4.18763	-3.43919
2.83518	-3.17225
1.56755	-3.80784
-4.54219	-5.31822
-4.86723	4.15401
-2.56723	3.78033
-2.41883	0.0173864
2.349	0.907493
-4.4178	-8.449
-3.93273	-8.14622
-3.22986	-7.58586
-0.803355	-3.25991
4.51567	-6.65174
6.37654	-13.0937
5.27482	-13.1608
6.54613	-11.4297
8.02847	-4.39408
8.45181	-0.787014
8.23583	1.77969
9.67793	1.57366
-6.47926	-2.22068
-12.1308	-13.2031
-6.1482	-10.4238
-1.08474	-4.26412
-3.19431	-4.73781
-4.4528	-9.0459
-3.59913	-11.4973
-0.43629	-10.5973
-0.246903	-12.054
1.74738	-15.0894
5.45707	-19.297
6.15033	-23.6562
5.68645	-23.0094
4.54657	-23.2081
6.71736	-24.5208
5.9348	-25.2103
3.56373	-21.7865
3.25044	-15.7041
5.15045	-17.4507
10.5794	-14.6563
8.33235	-13.7571
4.36782	-13.0808
5.22364	-9.67155
2.02088	-9.09922
7.4592	-9.39436
8.07719	-6.87445
9.09479	-7.708
4.52683	-10.3818
4.48014	-13.6947
10.0075	-11.5875
11.1105	-11.409
11.004	-11.4673
6.73748	-16.3962
8.94032	-14.1087
3.3556	-16.023
2.84223	-14.6057
4.05653	-10.9149
5.33166	-4.17257
0.381157	-7.51161
-0.206547	-8.37576
0.693201	-5.40864
1.63795	-6.83005
0.000495341	-9.048
-3.19746	-9.53279
-0.240223	-4.25981
-0.817191	-5.10897
-0.918761	-5.10162
-2.87434	-2.28278
-0.0474596	-0.410819
-3.25082	-7.28836
-1.90143	-8.11101
1.72007	-0.428514
0.689052	-2.76472
3.95089	-7.9844
5.15419	-9.58092
4.52891	-5.04757
7.04478	-3.89883
5.79496	-3.6904
0.33215	-10.9721
-3.63674	-12.1382
-3.29319	-13.8022
0.482696	-17.3917
1.82758	-19.7036
5.34327	-18.5961
5.48319	-20.5747
4.50087	-23.3374
5.64936	-22.0655
10.1633	-23.4236
8.16705	-21.7637
7.38758	-18.7951
4.172	-23.8296
1.02654	-28.2553
-1.10255	-20.1799
-0.726584	-15.804
-0.468621	-11.7287
-1.36661	-9.47649
-5.56161	-6.49577
-6.70054	-5.68765
-2.89014	-9.72766
-0.200059	-6.32042
0.501876	-2.89173
-1.47532	0.284844
-2.98431	-5.48896
-5.16113	-8.83087
-8.22987	-10.3329
-9.62589	-12.2509
-12.3328	-10.2039
-13.6246	-14.8376
-14.0137	-19.2578
-15.0265	-17.838
-15.1947	-16.3844
-14.7765	-16.8174
-14.8344	-17.9371
-9.64873	-20.2246
-6.31925	-21.3247
-3.75344	-22.7848
1.61885	-22.0995
-0.491798	-13.9584
-0.471046	-4.29401
-0.510896	-8.85125
-3.85165	-5.29183
-5.86494	1.37591
-2.47043	4.42331
-3.19475	3.92482
-2.14536	3.89901
-8.12531	5.68697
-6.53992	2.02529
-3.69357	1.07082
-5.03472	3.28486
-3.04866	4.78177
0.441521	0.240416
-0.595644	-4.65716
-5.9263	-5.80246
-7.05194	-7.42411
-4.39799	-4.75636
-2.47765	-1.38778
-2.91084	-6.80965
-4.93517	-6.3375
-3.91909	-11.1034
-3.21649	-10.8165
-0.424427	-3.14591
-6.98869	-5.73646
-8.35258	-16.9088
-6.33239	-13.9781
-4.87559	-10.7114
-7.93157	-3.08746
-2.19116	5.8994
5.21608	-3.49187
-2.98084	-5.64857
-9.60882	-12.01
-11.0889	-5.16389
-6.38203	1.37154
-6.46422	4.98483
-4.35987	5.89005
-6.93784	3.24203
-10.3535	-0.0629571
-20.8451	-6.30466
-20.0838	-6.78155
-18.5827	-0.434332
-12.0236	2.80544
-6.87194	0.822859
-6.42594	-6.01457
-1.29927	-13.0892
8.90441	-18.7201
13.1748	-14.9514
12.0665	-15.8774
11.7762	-15.0403
11.5052	-13.3417
10.7895	-10.4481
10.9873	-9.33582
10.4241	-3.74807
7.26997	-2.47265
3.10494	-1.39025
-1.62611	-16.1617
1.58479	-16.8445
3.71437	-11.2404
3.47582	-21.9892
4.23896	-26.6058
6.64206	-30.556
3.70424	-21.8599
7.50613	-11.8443
9.21542	-9.81028
6.05471	-0.951677
0.45625	-5.96302
-4.73874	-7.0201
-8.50521	-5.34781
-8.74326	-8.80586
-7.43591	-12.2724
-9.66631	-10.1563
-10.5093	-12.1002
-8.58164	-10.4304
-8.51047	-11.5206
-11.6556	-6.22327
-10.0947	-1.9004
-6.67571	-3.65274
-6.06174	-3.53552
-4.51931	-3.93822
-5.55535	-1.41138
-6.58123	2.34761
-2.7524	-2.61114
-1.6661	-1.83745
-4.40009	-3.90595
-4.14025	-4.82482
-2.3181	-7.4018
-3.99688	-7.15489
-6.86308	-2.1759
-8.50579	-3.44422
-8.05153	-4.70342
-10.7207	-5.32099
-8.11569	-6.62402
-6.40314	-10.4513
-5.15988	-10.3326
-2.64191	-6.31797
-2.26784	-3.61306
-7.08694	-5.57519
-13.1534	-8.85004
-11.5768	-9.20322
-7.40948	-3.51336
-11.2464	-8.35366
-11.2709	-8.92191
-3.01047	-0.627624
-5.69193	-4.35266
1.16623	-2.96935
-3.66262	-2.52786
-2.45914	0.718688
-1.88398	1.50853
-0.0875821	1.05925
-3.87699	0.376569
-0.515594	-4.57828
11.6281	-9.53547
16.2161	-3.78123
14.5157	-3.06936
14.2164	-4.03812
17.6218	-9.0605
14.9624	-11.3693
10.3375	-10.4334
6.73668	-10.7288
10.2887	-13.242
3.73993	-13.4404
-0.578619	-6.71767
1.1332	-7.07137
2.20648	-4.56313
9.13319	-3.42543
5.18833	-5.62979
-4.502	-1.64508
-4.30662	-0.750105
-2.9072	-4.94722
-3.0626	-4.14713
0.208168	-3.43304
-0.531039	-3.06616
2.63652	-1.27349
0.787324	-3.91968
1.22039	-9.34978
-1.44484	-6.98
-6.38856	-10.4896
-2.54187	-5.97676
-5.53853	-9.83645
-0.286075	-4.94669
-0.145191	-10.6271
2.65367	-16.8583
2.19136	-24.1661
1.91559	-23.4299
4.00631	-19.5344
3.04258	-12.0531
-2.78762	-6.68914
-1.94056	-9.49751
-2.60652	-8.48972
-3.77958	-7.10095
-2.8108	-6.52272
1.9961	-9.66846
2.29935	-9.57677
6.10548	-11.7793
2.05478	-8.05097
-2.0058	-3.55393
0.532945	-2.15292
1.9477	-1.64836
2.32721	3.47382
7.15009	0.768146
6.97673	-5.04333
1.64848	-3.14729
-5.35442	-4.52125
-7.00364	-3.3385
-7.2851	-7.09691
-5.46742	-6.71303
-4.16954	-6.9316
-2.93153	-6.18049
-3.38237	-3.08487
-3.82206	-8.28309
-3.38698	-4.89061
-4.04755	-3.47838
-1.5867	-3.6597
1.04265	-6.08278
-3.75667	-1.34376
-8.29173	1.54798
-5.63408	5.07031
-7.63641	3.82738
1.3501	-2.61975
1.3295	-3.93662
2.8531	-3.9766
4.77458	-2.72438
1.88216	-6.45563
-1.69572	-7.27737
-1.61256	-4.6332
-5.46157	-3.32075
-1.86968	0.411755
-2.76212	-0.167786
-10.0652	-3.12553
-3.75169	-5.2877
-4.76977	-6.68925
-5.68975	-7.05482
-0.829489	3.43585
-4.30231	0.737307
-5.87473	4.93772
-6.96884	4.23655
-7.28525	2.26517
-5.43432	6.72035
-4.61164	7.55847
-1.74631	9.58825
-4.86135	5.53412
-4.79386	4.92909
-5.21209	-0.200515
-1.45069	2.34745
-4.09564	-2.42636
-1.69204	-3.65685
-6.40332	-1.68052
-5.47402	-2.97398
-4.36998	2.37536
3.8235	0.412767
10.4779	-2.43903
10.0991	-2.46968
10.1713	-4.12849
6.95398	-0.567089
2.28182	3.14699
3.76334	2.30694
4.21496	2.29814
5.30726	1.50678
3.72374	-1.04086
1.3357	-2.34568
-0.103548	-2.55218
-0.213011	-4.06643
-3.45887	-7.08715
-1.79541	-8.48529
-0.4765	-10.1729
1.69667	-8.52031
2.20916	-7.36318
2.56297	-9.45833
4.58379	-6.6155
6.15111	-9.0211
8.68489	-8.57286
10.9264	-10.37
9.61378	-12.2974
8.09053	-11.3841
11.2958	-9.33975
3.93347	-14.7109
-2.4166	-11.8417
-1.36153	-5.06135
1.79167	-1.11475
-5.70694	-2.41446
-3.20333	2.01664
-4.74371	1.70022
-6.07312	5.17165
-2.85565	2.44232
0.429796	6.20646
5.52163	10.0237
2.73527	5.22834
-2.28173	5.08936
-5.43813	7.35919
-5.22201	12.2788
-2.53661	8.72208
-4.52918	2.96395
-1.49069	4.5078
-1.4895	4.07059
-2.7314	2.35679
-1.6002	0.972756
-1.74121	2.50206
-3.58625	-2.32001
-2.40984	-2.35213
-4.66562	-4.34944
-2.25357	-4.2193
0.0372697	-4.71257
-0.0991387	-5.68519
1.39797	-5.39342
4.05741	-0.717114
2.82382	2.50786
2.48102	-3.37873
-0.662341	-7.40666
1.52154	-9.06919
-1.97571	-5.25921
-0.664731	-6.64066
1.29262	-3.69631
-0.427179	-5.46711
-0.695241	-8.83647
-2.79032	-7.43851
-2.26512	-10.4004
3.50044	-2.36296
1.81713	-4.12236
-1.91297	-3.17891
-1.90423	-0.53851
-1.9609	0.112439
-0.584468	-3.22433
-3.20879	-11.0393
-7.55459	-13.1867
-9.50563	-10.155
-0.672796	-2.50666
2.19174	-10.468
1.11804	-15.0182
-0.871589	-13.5373
-1.01002	-17.5276
-4.48682	-20.192
-6.6833	-16.9163
-5.79056	-11.8183
-3.56131	-2.28665
5.5082	3.41082
4.32316	-2.62767
3.46732	-5.86026
-0.294054	-4.64629
-4.2422	-3.46029
-5.358	-4.61328
-4.66791	-5.54392
-3.34168	-11.4224
-0.339447	-14.3476
2.59223	-14.0526
3.56698	-8.6444
4.91087	-12.2821
6.75422	-14.1323
12.1859	-22.0557
8.64023	-26.8535
3.57589	-26.2328
0.975673	-25.3326
2.57467	-23.4019
3.86173	-23.7219
6.00343	-16.3556
5.51852	-15.6403
2.42827	-14.1421
2.05389	-9.1669
0.84717	-5.5492
1.63892	-3.48002
-1.91412	-2.66861
1.98241	-5.20898
2.69966	-1.95866
2.9706	-7.49738
2.03985	-4.99511
0.534761	-3.53795
-7.87468	-14.6425
-3.92893	-11.2685
-6.14012	-9.47229
-4.09613	-11.359
-6.45406	-9.38883
-11.0923	-12.4966
-11.3237	-10.6853
-11.5786	-12.2292
-9.93853	-16.4204
-10.9709	-14.9066
-10.8294	-18.1868
-7.934	-18.2796
-6.80608	-18.778
-8.58563	-11.9797
-9.42003	-7.89164
-10.3394	-9.69505
-6.4459	-9.91276
0.695996	-0.612859
3.49387	-2.6622
0.942796	-1.22975
-1.39684	-15.3523
-1.50082	-15.1899
-2.60506	-13.6663
0.442322	-14.8691
6.08787	-12.9091
4.36696	-13.8563
6.5688	-24.912
0.243418	-25.3864
-1.9266	-23.3043
4.91442	-22.182
6.49184	-20.6238
4.8611	-20.7157
3.89777	-10.907
-0.391115	-7.60553
-1.36899	-4.80511
-1.91921	-0.533126
-2.80237	-2.14148
-5.04495	-2.84654
-4.82942	-6.02404
-1.72628	-3.93899
-2.67525	-4.46173
3.37732	-9.85796
3.58895	-13.031
4.67809	-14.1781
3.5338	-11.7898
4.72728	-11.1549
1.42414	-12.3455
1.77586	-16.1276
4.04856	-12.028
11.2017	-0.706196
12.7499	-7.95635
8.65051	-6.44731
8.73428	-3.93342
7.10531	-0.586421
-1.48481	5.10687
-4.55998	3.12054
-7.77985	-3.5936
-4.67963	-4.28213
-4.51263	-5.85702
-2.99365	-10.6637
0.402016	-12.9564
-3.10073	-11.4318
-6.05097	-6.08177
-3.60886	-3.45208
-4.68802	-1.20743
-2.55621	-2.33348
-1.30119	1.65746
-3.9873	6.33277
-4.33036	1.91766
-3.18224	-3.44831
-9.70628	-6.94555
-10.629	-6.87514
-9.54752	-7.04422
-11.7744	-8.47608
-7.51397	-7.42448
-7.15496	-8.4817
-7.69772	-9.35529
-6.20961	-13.1186
-7.44923	-12.89
-9.62725	-10.4013
-6.5362	-7.45863
-4.59241	-7.7773
-1.52261	-6.10478
-0.140414	-4.36149
2.06215	-1.81044
2.9789	3.77425
6.91525	-1.25186
5.13696	0.734558
3.32378	-0.582991
4.91178	0.497363
4.19112	4.26831
3.3551	-0.559057
-2.36165	-7.7986
-2.89901	-4.64904
-0.878017	-8.54869
-1.83071	-6.89833
-4.57714	-7.34106
-0.20332	-6.55694
-3.62384	-8.96632
-0.98656	-14.6186
-2.34323	-7.62554
-0.758999	-6.99963
-0.647503	-10.5887
0.915753	-11.4324
0.918908	-6.84467
1.38595	-6.4966
-0.115851	-9.29166
0.461137	-8.90629
2.07626	-4.44494
1.76116	-4.40467
7.0512	4.40374
6.48871	-1.32097
2.59102	-6.38444
1.81526	-6.08428
-0.0968165	-11.5634
0.567716	-8.08387
2.88983	-7.82598
-1.98775	-9.15639
1.63486	-6.0842
5.66326	-8.01524
4.13574	-6.91867
-2.08851	-2.78725
0.368291	-4.3886
2.16303	-2.38045
4.33691	-2.66508
2.37385	-1.20365
0.558771	-6.0198
1.73923	-3.27684
-3.33679	-8.09984
0.0856893	-11.2847
-0.386139	-5.81098
0.132086	-9.49184
1.76848	-6.48972
-1.29356	-6.72983
0.477089	-4.96951
0.340241	-2.0549
1.44513	1.5728
3.24007	4.95582
1.16447	2.73126
1.08293	-4.15362
8.03955	-9.58487
12.8212	-3.59364
13.1879	-6.6821
18.2833	-7.72916
19.7008	-5.80761
15.3792	-6.98794
15.5723	-7.70831
16.1129	-13.2715
16.2479	-12.5741
15.409	-8.09684
16.6522	-9.34332
16.505	-11.3331
18.252	-10.1759
4.20266	-10.7884
-9.29944	-3.98622
-3.17369	2.43418
-0.689301	2.27027
0.851849	-0.468005
5.62125	2.78538
9.85737	-6.85093
11.3119	-8.49028
2.5939	-3.69943
-0.173566	-2.69584
-2.10847	-3.27361
-0.847497	0.576753
-4.90029	-6.41057
-0.0172682	-2.40163
-3.26332	-4.36746
-4.85075	-8.14973
-6.18654	-8.71194
-3.75715	-8.65352
0.24796	-20.5643
1.30376	-16.9258
1.2153	-10.8868
-0.112187	-10.9244
-2.42218	-10.5273
-3.80421	-6.44539
-3.00526	-7.61279
-3.51813	-8.41351
-2.96616	-5.72359
-2.87967	-9.15323
-3.2683	-8.9869
0.212601	-5.99914
0.307065	-5.1216
1.88847	-6.63885
-0.19486	-3.41902
0.728142	-5.5264
1.277	1.59813
3.33953	0.364129
-1.00382	-0.751556
1.17395	-1.38747
-1.55913	-2.20223
1.08844	-4.28295
-1.36552	-4.82033
-4.71122	-3.11388
-2.15169	-10.2973
-0.0870598	-14.8038
4.48953	-19.4448
10.0999	-16.4771
11.0552	-6.21515
6.90162	-2.61412
2.37735	-7.85568
3.76023	-12.8791
6.05875	-11.1229
7.84171	-15.3931
7.64181	-21.1267
7.46952	-21.4738
7.56875	-21.4254
4.44499	-17.9927
4.89596	-9.64598
8.08975	-13.2342
6.2833	-9.28831
2.60661	-8.20307
0.194841	-8.55423
-0.781641	-6.60668
1.75175	-8.56756
0.620987	-8.0865
0.594471	-7.04788
-1.9926	-6.31906
0.531937	-6.14039
0.591655	-4.88408
1.04908	-9.54544
-2.50808	-11.3488
-6.38212	-7.61178
-2.45521	-4.40252
7.96527	-5.31098
7.41175	-3.64345
6.45041	-3.91991
3.24935	-4.45655
3.11497	-7.86857
7.6692	-7.78808
11.0554	-13.7318
1.15062	-12.595
-3.31623	-12.0391
-2.56639	-8.23653
-3.56273	-8.98448
-5.2266	-4.37577
-2.6327	-0.276863
6.25837	-3.56845
5.53685	-3.12178
5.46524	-4.22767
7.87359	-5.09133
10.4922	0.892222
11.3852	-1.2091
11.1812	-0.9518
11.1712	-5.84028
10.2873	-9.01881
5.91383	-6.84165
0.0397663	-8.65919
-5.29032	-11.6579
-6.5927	-10.5314
-5.67484	-7.34237
-3.45247	-7.7911
-7.2211	-8.63595
-2.38635	-10.7318
6.6926	-14.8237
13.4304	-8.86818
12.7704	-10.6618
15.301	-12.4909
12.8393	-13.0419
7.01373	-12.3017
-2.59771	-20.5662
-12.2558	-18.5488
-13.908	-16.0582
-13.7087	-15.4471
-14.9669	-15.2531
-13.5447	-14.8552
-14.5396	-12.2335
-16.4801	-15.9206
-12.9054	-16.2629
-8.40104	-14.5561
-9.89157	-5.84574
-0.747574	4.28292
-4.29322	0.203694
-8.68975	-6.23345
-9.949	-13.8695
-12.3345	-14.1213
-13.8458	-13.8296
-16.2917	-14.9557
-16.5295	-17.8294
-15.3754	-17.1287
-15.0658	-19.6055
-15.0489	-18.5216
-16.0721	-16.3085
-11.2785	-20.231
-9.58758	-22.8489
-8.71165	-22.2008
-4.25071	-16.3985
-0.112132	-14.5323
-0.331719	-11.5218
3.04706	-12.5569
-0.34653	-13.3626
-2.16458	-13.4322
6.48955	-13.6959
2.3012	-10.8256
0.603217	-9.00241
-0.959615	-7.03262
-1.00372	-3.84936
0.718729	-6.00599
-3.77363	-10.7842
0.895146	-8.50428
1.72633	-4.97011
3.71048	-5.97436
-0.555286	-6.13127
-0.25513	-3.88624
-2.8177	-0.105877
-3.4295	-6.66377
-0.128673	-1.41113
0.045286	-1.12276
-2.94677	-2.55497
3.40828	-2.41161
4.24323	-13.5477
-0.540584	-10.1902
-0.324669	-5.15809
0.617851	-4.45104
2.3857	-2.41386
5.88908	-3.31935
2.04508	-7.55914
6.6366	-5.46851
6.24906	-3.79034
-1.39544	-3.31395
-3.4852	1.39362
-4.16043	-5.43048
-22.108	3.5802
-27.2488	-2.84962
-23.9383	-7.69077
-12.3288	-6.19609
-10.0712	-4.7578
-13.9007	-0.749083
-7.07596	-3.81219
3.35016	-6.79476
4.64454	-16.3611
5.84178	-24.0111
6.94504	-28.4057
7.6576	-27.2316
8.54175	-23.0584
12.8081	-13.1882
14.4594	-10.5387
10.3483	-9.11672
11.0245	-7.89599
9.90876	-7.58263
7.18293	-2.81784
3.92343	-6.69565
1.24911	-8.56469
1.94121	-6.44003
2.4997	-3.9658
2.79751	-4.3912
1.54108	-2.01681
0.228524	2.12394
-1.17168	1.86965
-2.20231	-2.14385
-3.52814	-1.86342
-5.11933	-2.87658
-6.35269	-3.42736
-9.47969	-3.98098
-8.68339	-2.34094
-6.43845	-3.36024
-3.68647	-1.60095
-0.549611	-3.74931
0.607418	-2.44426
-0.303165	-1.40615
0.351893	-2.4924
9.19896	-6.59808
20.0964	-5.23323
17.9977	-6.47336
18.2564	-3.97955
17.1447	-3.9075
18.7681	-2.27188
16.2174	0.109955
12.0965	2.2839
15.8441	0.19973
13.0246	-0.417602
9.30808	2.06231
9.17637	6.7814
6.22509	2.77545
4.03665	-2.57668
-3.71706	-6.78538
0.0349124	-3.42679
8.72111	2.03654
17.2258	-0.570901
8.3829	-7.26346
-3.71682	-11.3546
-4.65341	-13.1393
-3.25912	-8.77555
0.0760746	-5.98269
1.34805	-5.6295
3.51786	-7.43094
2.91138	-5.17227
5.7221	-8.39829
7.44506	-9.75497
11.243	-12.6108
14.3585	-12.4425
11.5599	-11.2267
11.8732	-9.8429
9.32007	-2.76045
10.3668	-2.75974
12.1209	-5.90244
9.61675	-6.34883
10.832	-4.16199
3.32679	-4.1885
-7.75307	-9.19209
-4.41682	0.548093
-6.95075	1.50806
-6.91944	-4.87885
-6.6469	-5.32576
-6.7661	-0.954063
-4.06515	-3.06868
-2.42025	-7.32767
0.405028	-3.87656
0.897581	-5.95304
1.08529	-10.6981
0.0332878	-10.9803
2.86853	-7.46704
3.37157	-5.93329
7.46886	-9.03171
6.22368	-4.79711
2.1923	-4.06916
0.987159	-2.03509
-4.08801	3.88765
-2.48179	5.77185
-3.12368	5.30773
-6.12148	4.75714
-4.97123	2.33136
-4.60981	2.2816
-3.1792	5.94313
-4.80981	8.28434
-1.60468	4.31584
-2.29646	4.52098
-1.54503	6.03519
-1.34047	4.9354
-1.40414	9.2557
-0.291053	10.1106
-5.37964	8.94944
-6.16295	10.6433
-4.07152	8.26331
-2.45524	9.5414
-5.78048	3.66648
-6.5261	4.75604
-4.98171	2.55381
-5.01134	-0.902735
-0.353293	1.27278
0.642657	-3.69386
-0.521578	-4.85757
0.270818	-4.92937
-4.40149	-10.6542
0.475621	-10.2111
4.06499	-5.35087
3.37113	-6.54479
-0.377988	-5.14432
0.351234	-8.47697
1.07779	-4.34745
3.08738	-3.42591
0.46512	-7.87542
-1.1244	-5.61975
-6.07447	1.14294
-7.4966	0.242718
-0.413268	-4.56834
0.528969	-4.69816
1.56543	-5.25351
1.8364	-0.128547
-3.99442	-2.87096
-7.81193	-2.12858
-3.50319	3.01384
-0.668603	0.0954198
0.686007	-3.92664
1.35129	-1.15387
4.87404	-3.11859
2.86687	1.4906
2.13712	-3.52817
0.481015	-3.23142
0.501263	-4.93436
